53.0 105.7
59.0 118.5
67.0 129.8
76.0 140.0
87.0 147.2
99.0 148.4
109.0 144.3
116.0 134.9
122.0 122.9
126.0 111.3
130.0 99.6
132.0 89.6
134.0 76.6
66.0 70.4
73.0 70.7
81.0 71.1
89.0 73.0
96.0 75.2
105.0 74.4
111.0 70.6
117.0 67.4
123.0 65.5
129.0 64.6
101.0 77.8
101.0 85.8
102.0 94.2
102.0 101.5
93.0 102.7
97.0 104.1
101.0 105.5
105.0 104.8
108.0 103.3
75.0 76.2
79.0 75.0
84.0 74.7
88.0 76.0
84.0 77.3
79.0 77.3
110.0 73.6
114.0 71.7
118.0 70.8
122.0 71.7
118.0 73.1
114.0 73.3
85.0 121.0
91.0 118.3
98.0 116.4
101.0 116.3
105.0 115.0
109.0 116.0
111.0 118.8
109.0 125.9
105.0 130.6
101.0 132.2
97.0 132.3
91.0 129.1
88.0 121.2
97.0 118.6
101.0 118.5
105.0 118.0
109.0 119.4
105.0 124.8
101.0 126.1
97.0 126.3
0 0
0 96
0 191
96 191
191 191
191 96
191 0
96 0
41.1428571429 22.7
41.1428571429 36.0
41.1428571429 49.2
54.8571428571 9.5
54.8571428571 22.7
54.8571428571 36.0
54.8571428571 49.2
68.5714285714 9.5
68.5714285714 22.7
68.5714285714 36.0
68.5714285714 49.2
82.2857142857 9.5
82.2857142857 22.7
82.2857142857 36.0
82.2857142857 49.2
96.0 9.5
96.0 22.7
96.0 36.0
96.0 49.2
109.714285714 9.5
109.714285714 22.7
109.714285714 36.0
109.714285714 49.2
123.428571429 9.5
123.428571429 22.7
123.428571429 36.0
123.428571429 49.2
137.142857143 9.5
137.142857143 22.7
137.142857143 36.0
137.142857143 49.2
150.857142857 9.5
150.857142857 22.7
150.857142857 36.0
150.857142857 49.2
164.571428571 36.0
164.571428571 49.2
