36 34 35
34 36 33
65 1 66
1 65 0
65 64 74
58 46 47
46 58 57
66 1 2
1 0 44
58 62 57
62 58 61
66 2 3
2 1 44
27 46 45
46 27 28
3 67 66
67 3 4
3 2 55
53 6 5
6 53 52
67 4 5
4 3 55
67 5 6
5 4 54
6 68 67
68 6 7
54 4 55
68 7 8
7 6 52
10 31 11
31 10 49
8 69 68
69 8 9
8 7 51
33 36 37
69 9 10
9 8 50
25 27 36
27 25 26
69 10 11
10 9 49
32 0 13
0 32 27
69 11 12
35 16 17
16 35 34
22 102 106
102 22 98
12 11 42
17 24 35
24 17 23
80 76 79
76 80 77
25 35 24
35 25 36
13 0 74
85 82 81
82 85 86
13 14 32
14 13 82
96 92 95
92 96 93
17 18 23
18 17 90
14 15 33
15 14 86
94 19 18
19 94 20
42 31 25
31 42 11
15 16 34
16 15 86
90 17 16
38 23 18
23 38 24
38 18 19
24 38 25
94 18 90
19 39 38
39 19 20
88 84 87
84 88 85
39 20 40
81 84 85
84 81 80
21 40 20
40 21 41
21 20 98
96 100 97
100 96 99
12 22 106
22 12 41
21 22 41
22 21 98
70 69 108
26 31 30
31 26 25
14 33 32
30 48 29
48 30 49
51 7 52
2 44 55
27 26 28
44 0 27
29 46 28
46 29 47
28 26 29
47 59 58
59 47 48
29 26 30
31 49 30
27 32 37
32 33 37
33 15 34
36 27 37
25 38 43
39 42 43
42 39 40
12 42 41
38 39 43
42 40 41
42 25 43
44 27 45
44 45 56
62 52 53
52 62 61
45 46 57
47 29 48
61 59 60
59 61 58
59 48 49
49 9 50
49 50 60
50 8 51
50 51 60
51 52 61
53 5 54
62 53 54
45 57 63
45 63 56
54 55 63
55 44 56
55 56 63
54 63 62
61 60 51
49 60 59
57 62 63
64 73 74
73 64 72
74 0 65
69 12 108
105 107 106
107 105 104
103 70 104
92 88 91
88 92 89
83 87 84
72 76 73
76 72 75
77 81 78
81 77 80
72 64 75
73 77 74
77 73 76
13 74 78
76 75 79
74 77 78
82 13 78
80 79 83
84 80 83
78 81 82
86 14 82
89 85 88
85 89 86
90 16 86
88 87 91
94 97 98
97 94 93
90 93 94
93 90 89
86 89 90
92 91 95
94 98 20
89 92 93
96 95 99
101 98 97
98 101 102
93 96 97
101 97 100
100 99 103
100 104 101
104 100 103
101 105 102
105 101 104
106 102 105
104 70 107
12 106 108
106 107 108
107 70 108
