1 0 10
1 11 2
11 1 10
2 11 12
3 2 12
3 12 13
4 3 13
4 13 14
5 4 14
5 14 15
6 5 15
6 15 16
7 6 16
7 16 17
8 7 17
8 17 18
9 8 18
19 18 28
18 19 9
11 10 20
11 21 12
21 11 20
12 21 22
13 12 22
13 22 23
14 13 23
14 23 24
15 14 24
15 24 25
16 15 25
16 25 26
17 16 26
17 26 27
18 17 27
18 27 28
29 28 38
28 29 19
21 20 30
21 31 22
31 21 30
22 31 32
23 22 32
23 32 33
24 23 33
24 33 34
25 24 34
25 34 35
26 25 35
26 35 36
27 26 36
27 36 37
28 27 37
28 37 38
39 38 48
38 39 29
31 30 40
31 41 32
41 31 40
32 41 42
33 32 42
33 42 43
34 33 43
34 43 44
35 34 44
35 44 45
36 35 45
36 45 46
37 36 46
37 46 47
38 37 47
38 47 48
49 48 58
48 49 39
41 40 50
41 51 42
51 41 50
42 51 52
43 42 52
43 52 53
44 43 53
44 53 54
45 44 54
45 54 55
46 45 55
46 55 56
47 46 56
47 56 57
48 47 57
48 57 58
59 58 68
58 59 49
51 50 60
51 61 52
61 51 60
52 61 62
53 52 62
53 62 63
54 53 63
54 63 64
55 54 64
55 64 65
56 55 65
56 65 66
57 56 66
57 66 67
58 57 67
58 67 68
69 68 78
68 69 59
61 60 70
61 71 62
71 61 70
62 71 72
63 62 72
63 72 73
64 63 73
64 73 74
65 64 74
65 74 75
66 65 75
66 75 76
67 66 76
67 76 77
68 67 77
68 77 78
79 78 88
78 79 69
71 70 80
71 81 72
81 71 80
72 81 82
73 72 82
73 82 83
74 73 83
74 83 84
75 74 84
75 84 85
76 75 85
76 85 86
77 76 86
77 86 87
78 77 87
78 87 88
89 88 98
88 89 79
81 80 90
81 91 82
91 81 90
82 91 92
83 82 92
83 92 93
84 83 93
84 93 94
85 84 94
85 94 95
86 85 95
86 95 96
87 86 96
87 96 97
88 87 97
88 97 98
99 98 108
98 99 89
91 90 100
91 101 92
101 91 100
92 101 102
93 92 102
93 102 103
94 93 103
94 103 104
95 94 104
95 104 105
96 95 105
96 105 106
97 96 106
97 106 107
98 97 107
98 107 108
109 108 118
108 109 99
101 100 110
101 111 102
111 101 110
102 111 112
103 102 112
103 112 113
104 103 113
104 113 114
105 104 114
105 114 115
106 105 115
106 115 116
107 106 116
107 116 117
108 107 117
108 117 118
119 118 128
118 119 109
111 110 120
111 121 112
121 111 120
112 121 122
113 112 122
113 122 123
114 113 123
114 123 124
115 114 124
115 124 125
116 115 125
116 125 126
117 116 126
117 126 127
118 117 127
118 127 128
129 128 138
128 129 119
121 120 130
121 131 122
131 121 130
122 131 132
123 122 132
123 132 133
124 123 133
124 133 134
125 124 134
125 134 135
126 125 135
126 135 136
127 126 136
127 136 137
128 127 137
128 137 138
139 138 148
138 139 129
131 130 140
131 141 132
141 131 140
132 141 142
133 132 142
133 142 143
134 133 143
134 143 144
135 134 144
135 144 145
136 135 145
136 145 146
137 136 146
137 146 147
138 137 147
138 147 148
149 148 158
148 149 139
141 140 150
141 151 142
151 141 150
142 151 152
143 142 152
143 152 153
144 143 153
144 153 154
145 144 154
145 154 155
146 145 155
146 155 156
147 146 156
147 156 157
148 147 157
148 157 158
159 158 168
158 159 149
151 150 160
151 161 152
161 151 160
152 161 162
153 152 162
153 162 163
154 153 163
154 163 164
155 154 164
155 164 165
156 155 165
156 165 166
157 156 166
157 166 167
158 157 167
158 167 168
169 168 178
168 169 159
161 160 170
161 171 162
171 161 170
162 171 172
163 162 172
163 172 173
164 163 173
164 173 174
165 164 174
165 174 175
166 165 175
166 175 176
167 166 176
167 176 177
168 167 177
168 177 178
179 178 188
178 179 169
171 170 180
171 181 172
181 171 180
172 181 182
173 172 182
173 182 183
174 173 183
174 183 184
175 174 184
175 184 185
176 175 185
176 185 186
177 176 186
177 186 187
178 177 187
178 187 188
189 188 198
188 189 179
181 180 190
181 191 182
191 181 190
182 191 192
183 182 192
183 192 193
184 183 193
184 193 194
185 184 194
185 194 195
186 185 195
186 195 196
187 186 196
187 196 197
188 187 197
188 197 198
199 198 208
198 199 189
191 190 200
191 201 192
201 191 200
192 201 202
193 192 202
193 202 203
194 193 203
194 203 204
195 194 204
195 204 205
196 195 205
196 205 206
197 196 206
197 206 207
198 197 207
198 207 208
209 208 218
208 209 199
201 200 210
201 211 202
211 201 210
202 211 212
203 202 212
203 212 213
204 203 213
204 213 214
205 204 214
205 214 215
206 205 215
206 215 216
207 206 216
207 216 217
208 207 217
208 217 218
219 218 228
218 219 209
211 210 220
211 221 212
221 211 220
212 221 222
213 212 222
213 222 223
214 213 223
214 223 224
215 214 224
215 224 225
216 215 225
216 225 226
217 216 226
217 226 227
218 217 227
218 227 228
229 228 238
228 229 219
221 220 230
221 231 222
231 221 230
222 231 232
223 222 232
223 232 233
224 223 233
224 233 234
225 224 234
225 234 235
226 225 235
226 235 236
227 226 236
227 236 237
228 227 237
228 237 238
239 238 248
238 239 229
231 230 240
231 241 232
241 231 240
232 242 233
242 232 241
233 242 243
234 233 243
234 243 244
235 234 244
235 244 245
236 235 245
236 245 246
237 236 246
237 246 247
238 237 247
238 247 248
249 248 258
248 249 239
241 240 250
241 251 242
251 241 250
242 251 252
243 242 252
243 252 253
244 243 253
244 253 254
245 244 254
245 254 255
246 245 255
246 255 256
247 246 256
247 256 257
248 247 257
248 257 258
259 258 268
258 259 249
251 250 260
251 261 252
261 251 260
252 261 262
253 252 262
253 262 263
254 253 263
254 263 264
255 254 264
255 264 265
256 255 265
256 265 266
257 256 266
257 266 267
258 257 267
258 267 268
269 268 278
268 269 259
261 260 270
261 271 262
271 261 270
262 272 263
272 262 271
263 273 264
273 263 272
264 274 265
274 264 273
265 274 275
266 265 275
266 275 276
267 266 276
267 276 277
268 267 277
268 277 278
279 278 288
278 279 269
271 270 280
271 281 272
281 271 280
272 282 273
282 272 281
273 283 274
283 273 282
274 283 284
275 274 284
275 284 285
276 275 285
276 285 286
277 276 286
277 286 287
278 277 287
278 287 288
289 288 298
288 289 279
281 280 290
281 291 282
291 281 290
282 292 283
292 282 291
283 293 284
293 283 292
284 294 285
294 284 293
285 295 286
295 285 294
286 295 296
287 286 296
287 296 297
288 287 297
288 297 298
298 299 289
