v 27.4285714286 38.6 90.7 0.239215686275 0.137254901961 0.0705882352941
v 27.4285714286 51.8 87.1 0.4 0.274509803922 0.18431372549
v 41.1428571429 12.1 97.8 0.996078431373 1.0 1.0
v 41.1428571429 25.3 94.2 0.250980392157 0.18431372549 0.121568627451
v 41.1428571429 38.6 90.7 0.223529411765 0.137254901961 0.0549019607843
v 41.1428571429 51.8 87.1 0.443137254902 0.258823529412 0.196078431373
v 54.8571428571 12.1 97.8 0.996078431373 1.0 1.0
v 54.8571428571 25.3 94.2 0.176470588235 0.0666666666667 0.0196078431373
v 54.8571428571 38.6 90.7 0.211764705882 0.125490196078 0.0705882352941
v 54.8571428571 51.8 87.1 0.513725490196 0.309803921569 0.258823529412
v 68.5714285714 12.1 97.8 0.996078431373 1.0 1.0
v 68.5714285714 25.3 94.2 0.0 0.0156862745098 0.0274509803922
v 68.5714285714 38.6 90.7 0.160784313725 0.113725490196 0.0666666666667
v 68.5714285714 51.8 87.1 0.741176470588 0.423529411765 0.419607843137
v 82.2857142857 12.1 97.8 1.0 1.0 1.0
v 82.2857142857 25.3 94.2 0.0941176470588 0.101960784314 0.0980392156863
v 82.2857142857 38.6 90.7 0.0509803921569 0.0549019607843 0.0352941176471
v 82.2857142857 51.8 87.1 0.78431372549 0.529411764706 0.521568627451
v 96.0 12.1 97.8 1.0 1.0 1.0
v 96.0 25.3 94.2 0.00392156862745 0.0 0.0196078431373
v 96.0 38.6 90.7 0.00392156862745 0.0078431372549 0.0274509803922
v 96.0 51.8 87.1 0.0352941176471 0.0392156862745 0.0196078431373
v 109.714285714 12.1 97.8 1.0 1.0 1.0
v 109.714285714 25.3 94.2 0.0 0.0 0.0156862745098
v 109.714285714 38.6 90.7 0.0 0.0 0.0313725490196
v 109.714285714 51.8 87.1 0.38431372549 0.36862745098 0.423529411765
v 123.428571429 12.1 97.8 1.0 1.0 1.0
v 123.428571429 25.3 94.2 0.0117647058824 0.0470588235294 0.105882352941
v 123.428571429 38.6 90.7 0.00392156862745 0.0509803921569 0.0980392156863
v 123.428571429 51.8 87.1 0.0549019607843 0.0823529411765 0.152941176471
v 137.142857143 12.1 97.8 1.0 1.0 1.0
v 137.142857143 25.3 94.2 0.00392156862745 0.043137254902 0.0901960784314
v 137.142857143 38.6 90.7 0.0196078431373 0.0666666666667 0.129411764706
v 137.142857143 51.8 87.1 0.043137254902 0.078431372549 0.145098039216
v 150.857142857 38.6 90.7 0.0156862745098 0.0627450980392 0.117647058824
v 150.857142857 51.8 87.1 0.0156862745098 0.0666666666667 0.129411764706
