v 27.4285714286 27.4285714286 60.0 0.239215686275 0.137254901961 0.0705882352941
v 27.4285714286 41.1428571429 60.0 0.4 0.274509803922 0.18431372549
v 41.1428571429 0.0 60.0 0.996078431373 1.0 1.0
v 41.1428571429 13.7142857143 60.0 0.250980392157 0.18431372549 0.121568627451
v 41.1428571429 27.4285714286 60.0 0.223529411765 0.137254901961 0.0549019607843
v 41.1428571429 41.1428571429 60.0 0.443137254902 0.258823529412 0.196078431373
v 54.8571428571 0.0 60.0 0.996078431373 1.0 1.0
v 54.8571428571 13.7142857143 60.0 0.176470588235 0.0666666666667 0.0196078431373
v 54.8571428571 27.4285714286 60.0 0.211764705882 0.125490196078 0.0705882352941
v 54.8571428571 41.1428571429 60.0 0.513725490196 0.309803921569 0.258823529412
v 68.5714285714 0.0 60.0 0.996078431373 1.0 1.0
v 68.5714285714 13.7142857143 60.0 0.0 0.0156862745098 0.0274509803922
v 68.5714285714 27.4285714286 60.0 0.160784313725 0.113725490196 0.0666666666667
v 68.5714285714 41.1428571429 60.0 0.741176470588 0.423529411765 0.419607843137
v 82.2857142857 0.0 60.0 1.0 1.0 1.0
v 82.2857142857 13.7142857143 60.0 0.0941176470588 0.101960784314 0.0980392156863
v 82.2857142857 27.4285714286 60.0 0.0509803921569 0.0549019607843 0.0352941176471
v 82.2857142857 41.1428571429 60.0 0.78431372549 0.529411764706 0.521568627451
v 96.0 0.0 60.0 1.0 1.0 1.0
v 96.0 13.7142857143 60.0 0.00392156862745 0.0 0.0196078431373
v 96.0 27.4285714286 60.0 0.00392156862745 0.0078431372549 0.0274509803922
v 96.0 41.1428571429 60.0 0.0352941176471 0.0392156862745 0.0196078431373
v 109.714285714 0.0 60.0 1.0 1.0 1.0
v 109.714285714 13.7142857143 60.0 0.0 0.0 0.0156862745098
v 109.714285714 27.4285714286 60.0 0.0 0.0 0.0313725490196
v 109.714285714 41.1428571429 60.0 0.38431372549 0.36862745098 0.423529411765
v 123.428571429 0.0 60.0 1.0 1.0 1.0
v 123.428571429 13.7142857143 60.0 0.0117647058824 0.0470588235294 0.105882352941
v 123.428571429 27.4285714286 60.0 0.00392156862745 0.0509803921569 0.0980392156863
v 123.428571429 41.1428571429 60.0 0.0549019607843 0.0823529411765 0.152941176471
v 137.142857143 0.0 60.0 1.0 1.0 1.0
v 137.142857143 13.7142857143 60.0 0.00392156862745 0.043137254902 0.0901960784314
v 137.142857143 27.4285714286 60.0 0.0196078431373 0.0666666666667 0.129411764706
v 137.142857143 41.1428571429 60.0 0.043137254902 0.078431372549 0.145098039216
v 150.857142857 27.4285714286 60.0 0.0156862745098 0.0627450980392 0.117647058824
v 150.857142857 41.1428571429 60.0 0.0156862745098 0.0666666666667 0.129411764706
