0 32 27
32 0 13
0 115 76
115 0 1
108 78 71
78 108 79
58 46 47
46 58 57
1 117 115
117 1 2
1 0 44
27 46 45
46 27 28
3 117 2
117 3 4
2 1 44
54 4 55
4 54 5
3 2 44
53 62 52
62 53 54
117 4 114
4 3 55
6 118 5
118 6 7
5 118 114
4 5 114
6 5 53
53 5 54
118 7 8
7 6 52
10 31 11
31 10 49
118 8 116
8 7 51
17 24 35
24 17 23
9 116 8
116 9 10
9 8 50
25 27 36
27 25 26
11 109 116
109 11 12
10 9 49
34 37 33
37 34 36
109 12 88
10 11 116
35 16 17
16 35 34
88 12 22
12 11 42
36 34 35
66 98 103
98 66 86
25 35 24
35 25 36
13 0 76
83 96 104
96 83 93
13 14 32
14 13 98
98 83 14
83 98 86
17 18 23
18 17 104
14 15 33
15 14 83
20 104 96
104 20 19
25 42 31
42 25 43
15 16 34
16 15 104
104 17 16
38 23 18
23 38 24
38 18 19
24 38 25
18 104 19
19 39 38
39 19 20
39 20 40
21 40 20
40 21 41
21 20 87
87 80 85
80 87 99
21 87 22
22 12 41
21 22 41
22 73 88
73 22 89
42 11 31
26 31 30
31 26 25
14 33 32
30 48 29
48 30 49
51 7 52
27 26 28
44 0 27
29 46 28
46 29 47
28 26 29
47 59 58
59 47 48
29 26 30
30 31 49
27 32 37
32 33 37
33 15 34
36 27 37
25 38 43
39 42 43
42 39 40
12 42 41
38 39 43
42 40 41
44 27 45
3 44 55
44 45 56
52 62 61
45 46 57
47 29 48
61 60 51
60 61 59
59 48 49
49 9 50
49 50 60
50 8 51
50 51 60
52 6 53
51 52 61
58 62 63
62 58 61
45 57 63
45 63 56
54 55 63
55 44 56
55 56 63
54 63 62
57 58 63
59 61 58
59 49 60
87 20 96
64 70 95
70 64 75
111 113 109
113 111 99
82 97 68
97 82 67
107 72 106
72 107 100
86 75 64
75 86 66
76 79 98
79 76 71
110 108 112
108 110 103
67 96 97
96 67 87
104 15 83
65 67 82
67 65 99
82 68 94
68 90 91
90 68 97
91 101 68
101 91 81
81 106 72
106 81 69
95 91 90
91 95 69
95 105 69
105 95 70
112 106 70
98 79 74
77 76 108
76 77 71
108 71 77
82 84 65
84 82 94
81 72 101
67 99 87
109 89 102
89 109 73
103 98 74
79 71 78
108 103 74
70 75 112
75 66 110
112 75 110
13 76 98
108 76 115
79 108 74
102 22 87
22 102 89
111 109 102
69 81 91
94 68 101
96 93 97
93 86 64
86 93 83
65 84 113
84 94 92
107 113 84
85 80 111
85 111 102
87 85 102
88 73 109
90 97 93
64 90 93
90 64 95
84 92 107
92 100 107
100 92 94
94 101 100
80 99 111
99 65 113
72 100 101
66 103 110
69 105 106
105 70 106
