53.0 101.0
59.0 113.0
67.0 124.0
76.0 134.0
87.0 140.0
99.0 141.0
109.0 138.0
116.0 130.0
122.0 119.0
126.0 108.0
130.0 96.0
132.0 84.0
134.0 72.0
66.0 58.0
73.0 57.0
81.0 57.0
89.0 60.0
96.0 62.0
105.0 61.0
111.0 58.0
117.0 55.0
123.0 54.0
129.0 55.0
101.0 64.0
101.0 71.0
102.0 78.0
102.0 85.0
93.0 90.0
97.0 91.0
101.0 92.0
105.0 91.0
108.0 89.0
75.0 64.0
79.0 62.0
84.0 62.0
88.0 64.0
84.0 65.0
79.0 65.0
110.0 63.0
114.0 61.0
118.0 60.0
122.0 62.0
118.0 63.0
114.0 63.0
85.0 111.0
91.0 107.0
98.0 104.0
101.0 104.0
105.0 103.0
109.0 105.0
111.0 110.0
109.0 117.0
105.0 121.0
101.0 122.0
97.0 122.0
91.0 119.0
88.0 111.0
97.0 107.0
101.0 107.0
105.0 107.0
109.0 110.0
105.0 115.0
101.0 116.0
97.0 116.0
27.4285714286 41.1428571429
41.1428571429 0.0
41.1428571429 13.7142857143
41.1428571429 27.4285714286
41.1428571429 41.1428571429
54.8571428571 0.0
54.8571428571 13.7142857143
54.8571428571 27.4285714286
54.8571428571 41.1428571429
68.5714285714 0.0
68.5714285714 13.7142857143
68.5714285714 27.4285714286
68.5714285714 41.1428571429
82.2857142857 0.0
82.2857142857 13.7142857143
82.2857142857 27.4285714286
82.2857142857 41.1428571429
96.0 0.0
96.0 13.7142857143
96.0 27.4285714286
96.0 41.1428571429
109.714285714 0.0
109.714285714 13.7142857143
109.714285714 27.4285714286
109.714285714 41.1428571429
123.428571429 0.0
123.428571429 13.7142857143
123.428571429 27.4285714286
123.428571429 41.1428571429
137.142857143 0.0
137.142857143 13.7142857143
137.142857143 27.4285714286
137.142857143 41.1428571429
150.857142857 0.0
150.857142857 13.7142857143
150.857142857 27.4285714286
150.857142857 41.1428571429
164.571428571 13.7142857143
164.571428571 27.4285714286
164.571428571 41.1428571429
