223 234
228 275
233 316
242 355
259 391
281 422
312 447
346 467
381 471
412 463
434 440
454 411
468 378
479 343
487 307
492 270
495 234
275 218
297 209
320 210
344 214
368 220
402 216
420 210
441 203
461 202
478 212
387 232
388 254
390 276
391 299
364 316
375 319
389 320
400 318
410 314
302 238
317 230
332 229
345 237
332 240
316 241
418 235
431 226
445 226
457 232
445 237
431 237
341 380
359 365
378 356
390 357
399 354
412 361
420 376
412 398
400 409
389 411
377 410
358 402
349 380
378 366
390 365
399 365
414 376
399 391
390 393
378 393
179 10
179 251
179 492
393 492
607 492
607 251
607 10
393 10
