v 33.0 59.7 74.6 0.556862745098 0.356862745098 0.274509803922
v 42.0 31.7 82.1 0.23137254902 0.149019607843 0.0823529411765
v 91.0 9.5 88.1 1.0 1.0 1.0
v 138.0 18.2 85.8 0.0117647058824 0.0392156862745 0.0705882352941
v 149.0 44.3 78.8 0.0274509803922 0.0549019607843 0.125490196078
v 132.0 58.8 74.9 0.81568627451 0.788235294118 0.850980392157
v 119.0 45.2 78.5 0.0509803921569 0.078431372549 0.149019607843
v 98.0 40.4 79.8 0.0156862745098 0.0235294117647 0.0117647058824
v 68.0 52.0 76.7 0.529411764706 0.196078431373 0.223529411765
v 49.0 72.3 71.3 0.760784313725 0.517647058824 0.474509803922
v 76.0 28.8 82.9 0.0823529411765 0.0980392156863 0.0941176470588
v 114.0 25.9 83.7 0.0196078431373 0.0313725490196 0.0509803921569
