36 34 35
34 36 33
65 1 66
1 65 0
65 64 72
58 46 47
46 58 57
66 1 2
1 0 44
58 62 57
62 58 61
66 2 3
2 1 44
27 46 45
46 27 28
3 67 66
67 3 4
3 2 55
53 6 5
6 53 52
67 4 5
4 3 55
67 5 6
5 4 54
6 68 67
68 6 7
54 4 55
68 7 8
7 6 52
10 31 11
31 10 49
8 69 68
69 8 9
8 7 51
33 36 37
69 9 10
9 8 50
25 27 36
27 25 26
69 10 11
10 9 49
32 0 81
0 32 27
69 11 12
35 16 17
16 35 34
12 76 69
76 12 77
12 11 42
17 24 35
24 17 23
80 13 81
13 80 14
25 35 24
35 25 36
32 81 13
71 79 74
79 71 83
13 14 32
21 78 77
78 21 20
17 18 23
18 17 79
14 15 33
15 14 80
16 79 17
79 16 15
42 31 25
31 42 11
15 16 34
38 23 18
23 38 24
38 18 19
24 38 25
79 19 18
19 79 78
19 39 38
39 19 20
39 20 40
20 19 78
15 80 79
21 40 20
40 21 41
77 78 76
12 22 77
22 12 41
21 22 41
22 21 77
70 69 76
26 31 30
31 26 25
14 33 32
30 48 29
48 30 49
51 7 52
2 44 55
27 26 28
44 0 27
29 46 28
46 29 47
28 26 29
47 59 58
59 47 48
29 26 30
31 49 30
27 32 37
32 33 37
33 15 34
36 27 37
25 38 43
39 42 43
42 39 40
12 42 41
38 39 43
42 40 41
42 25 43
44 27 45
44 45 56
62 52 53
52 62 61
45 46 57
47 29 48
61 59 60
59 61 58
59 48 49
49 9 50
49 50 60
50 8 51
50 51 60
51 52 61
53 5 54
62 53 54
45 57 63
45 63 56
54 55 63
55 44 56
55 56 63
54 63 62
61 60 51
49 60 59
57 62 63
80 72 73
72 80 81
81 65 72
65 81 0
71 70 75
72 64 73
79 82 74
82 79 80
73 64 74
73 74 82
76 78 75
71 75 83
75 70 76
75 78 83
79 83 78
80 73 82
