14 33 32
33 14 15
0 115 93
115 0 1
108 72 92
72 108 94
4 55 54
55 4 3
1 117 115
117 1 2
1 0 44
53 5 54
5 53 6
3 117 2
117 3 4
2 1 44
53 62 52
62 53 54
3 2 44
46 29 47
29 46 28
117 4 114
114 4 5
5 4 54
7 118 6
118 7 8
6 118 114
5 6 114
7 6 52
26 31 30
31 26 25
118 8 116
8 7 51
35 16 17
16 35 34
9 116 8
116 9 10
9 8 50
23 35 17
35 23 24
11 116 10
116 11 12
10 9 50
36 33 34
33 36 37
116 12 109
11 10 31
36 34 35
12 82 109
82 12 22
12 11 42
25 27 36
27 25 26
69 104 84
104 69 77
33 15 34
0 13 32
13 0 93
67 69 64
69 67 77
13 14 32
14 13 79
14 79 77
42 31 43
31 42 11
15 14 77
86 18 17
18 86 19
23 18 38
18 23 17
15 16 34
16 15 86
67 20 19
20 67 73
38 18 19
17 16 86
23 38 24
19 39 38
39 19 20
42 39 40
39 42 43
77 67 86
67 66 73
66 67 64
40 21 41
21 40 20
21 20 73
22 12 41
21 22 41
22 21 73
99 73 89
73 99 22
43 24 38
24 43 25
43 31 25
31 10 49
0 32 37
24 25 35
48 30 31
30 48 29
52 62 61
27 46 45
46 27 28
27 26 28
44 0 27
27 0 37
57 46 47
46 57 45
28 26 29
29 48 47
29 26 30
49 10 50
32 33 37
25 36 35
36 27 37
12 42 41
20 40 39
38 39 43
42 40 41
3 44 55
44 27 45
52 6 53
44 45 56
51 7 52
59 47 48
47 59 58
60 49 50
49 60 59
31 49 48
48 49 59
8 51 50
50 51 60
58 62 57
62 58 61
51 52 61
63 56 45
56 63 55
63 45 57
55 44 56
54 55 63
54 63 62
57 47 58
51 61 60
60 61 59
58 59 61
57 62 63
66 64 65
64 69 81
65 90 101
90 65 103
65 64 75
65 75 103
66 65 101
73 78 89
78 73 71
67 19 86
80 103 75
103 80 68
68 107 96
107 68 83
106 107 100
64 81 75
104 77 79
94 93 72
93 94 79
80 83 68
83 80 100
75 81 70
101 113 71
113 101 90
66 71 73
71 66 101
105 108 92
108 105 115
93 79 13
72 93 92
102 106 91
106 102 74
70 74 102
74 70 97
69 84 81
75 70 80
84 88 98
88 84 104
85 79 94
79 85 76
76 110 88
110 76 85
15 77 86
82 22 87
78 71 111
109 111 113
111 109 89
79 76 104
80 70 100
70 81 97
97 81 84
87 22 95
109 87 95
87 109 82
100 70 91
107 83 100
84 98 97
104 76 88
110 85 108
109 95 99
97 98 106
98 112 106
112 98 88
95 22 99
89 78 111
90 103 96
113 90 107
106 100 91
91 70 102
105 93 115
93 105 92
85 94 108
109 99 89
90 96 107
68 96 103
74 97 106
112 88 110
71 113 111
110 108 112
