1 0 50
1 51 2
51 1 50
2 51 52
3 2 52
4 3 53
3 52 53
5 4 54
6 5 55
4 53 54
7 6 56
8 7 57
5 54 55
9 8 58
10 9 59
6 55 56
11 10 60
12 11 61
57 7 56
13 12 62
58 8 57
14 13 63
59 9 58
15 14 64
60 10 59
16 15 65
61 11 60
17 16 66
62 12 61
18 17 67
63 13 62
19 18 68
64 14 63
20 19 69
65 15 64
21 20 70
66 16 65
22 21 71
67 17 66
23 22 72
68 18 67
24 23 73
69 19 68
25 24 74
70 20 69
26 25 75
71 21 70
27 26 76
72 22 71
28 27 77
73 23 72
29 28 78
74 24 73
30 29 79
75 25 74
31 30 80
76 26 75
32 31 81
77 27 76
33 32 82
78 28 77
34 33 83
79 29 78
35 34 84
80 30 79
36 35 85
81 31 80
37 36 86
82 32 81
38 37 87
83 33 82
39 38 88
84 34 83
40 39 89
85 35 84
41 40 90
36 85 86
42 41 91
37 86 87
43 42 92
38 87 88
44 43 93
39 88 89
45 44 94
40 89 90
46 45 95
41 90 91
47 46 96
42 91 92
48 47 97
43 92 93
49 48 98
99 49 98
51 50 100
51 101 52
101 51 100
52 101 102
53 52 102
54 53 103
53 102 103
55 54 104
56 55 105
54 103 104
57 56 106
58 57 107
55 104 105
59 58 108
60 59 109
56 105 106
61 60 110
62 61 111
107 57 106
63 62 112
108 58 107
64 63 113
109 59 108
65 64 114
110 60 109
66 65 115
111 61 110
67 66 116
112 62 111
68 67 117
113 63 112
69 68 118
114 64 113
70 69 119
115 65 114
71 70 120
116 66 115
72 71 121
117 67 116
73 72 122
118 68 117
74 73 123
119 69 118
75 74 124
120 70 119
76 75 125
121 71 120
77 76 126
122 72 121
78 77 127
123 73 122
79 78 128
124 74 123
80 79 129
125 75 124
81 80 130
126 76 125
82 81 131
127 77 126
83 82 132
128 78 127
84 83 133
129 79 128
85 84 134
130 80 129
86 85 135
131 81 130
87 86 136
132 82 131
44 93 94
88 87 137
133 83 132
89 88 138
134 84 133
45 94 95
90 89 139
135 85 134
91 90 140
136 86 135
46 95 96
92 91 141
87 136 137
93 92 142
88 137 138
47 96 97
94 93 143
89 138 139
95 94 144
90 139 140
48 97 98
96 95 145
91 140 141
97 96 146
92 141 142
98 97 147
93 142 143
99 98 148
149 99 148
101 100 150
101 151 102
151 101 150
102 151 152
103 102 152
104 103 153
103 152 153
105 104 154
106 105 155
104 153 154
107 106 156
108 107 157
105 154 155
109 108 158
110 109 159
106 155 156
111 110 160
112 111 161
157 107 156
113 112 162
158 108 157
114 113 163
159 109 158
115 114 164
160 110 159
116 115 165
161 111 160
117 116 166
162 112 161
118 117 167
163 113 162
119 118 168
164 114 163
120 119 169
165 115 164
121 120 170
166 116 165
122 121 171
167 117 166
123 122 172
168 118 167
124 123 173
169 119 168
125 124 174
170 120 169
126 125 175
171 121 170
127 126 176
172 122 171
128 127 177
173 123 172
129 128 178
174 124 173
130 129 179
175 125 174
131 130 180
176 126 175
132 131 181
177 127 176
133 132 182
178 128 177
134 133 183
179 129 178
135 134 184
180 130 179
136 135 185
181 131 180
137 136 186
182 132 181
94 143 144
138 137 187
183 133 182
139 138 188
184 134 183
95 144 145
140 139 189
185 135 184
141 140 190
186 136 185
96 145 146
142 141 191
187 137 186
143 142 192
188 138 187
97 146 147
144 143 193
139 188 189
145 144 194
140 189 190
98 147 148
146 145 195
141 190 191
147 146 196
142 191 192
148 147 197
143 192 193
149 148 198
199 149 198
151 150 200
151 201 152
201 151 200
152 201 202
153 152 202
154 153 203
153 202 203
155 154 204
156 155 205
154 203 204
157 156 206
158 157 207
155 204 205
159 158 208
160 159 209
156 205 206
161 160 210
162 161 211
207 157 206
163 162 212
208 158 207
164 163 213
209 159 208
165 164 214
210 160 209
166 165 215
211 161 210
167 166 216
212 162 211
168 167 217
213 163 212
169 168 218
214 164 213
170 169 219
215 165 214
171 170 220
216 166 215
172 171 221
217 167 216
173 172 222
218 168 217
174 173 223
219 169 218
175 174 224
220 170 219
176 175 225
221 171 220
177 176 226
222 172 221
178 177 227
223 173 222
179 178 228
224 174 223
180 179 229
225 175 224
181 180 230
226 176 225
182 181 231
227 177 226
183 182 232
228 178 227
184 183 233
229 179 228
185 184 234
230 180 229
186 185 235
231 181 230
187 186 236
232 182 231
144 193 194
188 187 237
233 183 232
189 188 238
234 184 233
145 194 195
190 189 239
235 185 234
191 190 240
236 186 235
146 195 196
192 191 241
237 187 236
193 192 242
238 188 237
147 196 197
194 193 243
239 189 238
195 194 244
190 239 240
148 197 198
196 195 245
191 240 241
197 196 246
192 241 242
198 197 247
193 242 243
199 198 248
249 199 248
201 200 250
201 251 202
251 201 250
202 251 252
203 202 252
204 203 253
203 252 253
205 204 254
206 205 255
204 253 254
207 206 256
208 207 257
205 254 255
209 208 258
210 209 259
206 255 256
211 210 260
212 211 261
257 207 256
213 212 262
258 208 257
214 213 263
259 209 258
215 214 264
260 210 259
216 215 265
261 211 260
217 216 266
262 212 261
218 217 267
263 213 262
219 218 268
264 214 263
220 219 269
265 215 264
221 220 270
266 216 265
222 221 271
267 217 266
223 222 272
268 218 267
224 223 273
269 219 268
225 224 274
270 220 269
226 225 275
271 221 270
227 226 276
272 222 271
228 227 277
273 223 272
229 228 278
274 224 273
230 229 279
275 225 274
231 230 280
276 226 275
232 231 281
277 227 276
233 232 282
278 228 277
234 233 283
279 229 278
235 234 284
280 230 279
236 235 285
281 231 280
237 236 286
282 232 281
194 243 244
238 237 287
283 233 282
239 238 288
284 234 283
195 244 245
240 239 289
285 235 284
241 240 290
286 236 285
196 245 246
242 241 291
287 237 286
243 242 292
288 238 287
197 246 247
244 243 293
289 239 288
245 244 294
240 289 290
198 247 248
246 245 295
241 290 291
247 246 296
242 291 292
248 247 297
243 292 293
249 248 298
299 249 298
251 250 300
251 301 252
301 251 300
252 301 302
253 252 302
254 253 303
253 302 303
255 254 304
256 255 305
254 303 304
257 256 306
258 257 307
255 304 305
259 258 308
260 259 309
256 305 306
261 260 310
262 261 311
307 257 306
263 262 312
308 258 307
264 263 313
309 259 308
265 264 314
310 260 309
266 265 315
311 261 310
267 266 316
312 262 311
268 267 317
313 263 312
269 268 318
314 264 313
270 269 319
315 265 314
271 270 320
316 266 315
272 271 321
317 267 316
273 272 322
318 268 317
274 273 323
319 269 318
275 274 324
320 270 319
276 275 325
321 271 320
277 276 326
322 272 321
278 277 327
323 273 322
279 278 328
324 274 323
280 279 329
325 275 324
281 280 330
326 276 325
282 281 331
327 277 326
283 282 332
328 278 327
284 283 333
329 279 328
285 284 334
330 280 329
286 285 335
331 281 330
287 286 336
332 282 331
244 293 294
288 287 337
333 283 332
289 288 338
334 284 333
245 294 295
290 289 339
335 285 334
291 290 340
336 286 335
246 295 296
292 291 341
337 287 336
293 292 342
338 288 337
247 296 297
294 293 343
339 289 338
295 294 344
290 339 340
248 297 298
296 295 345
291 340 341
297 296 346
292 341 342
298 297 347
293 342 343
299 298 348
349 299 348
301 300 350
301 351 302
351 301 350
302 351 352
303 302 352
304 303 353
303 352 353
305 304 354
306 305 355
304 353 354
307 306 356
308 307 357
305 354 355
309 308 358
310 309 359
306 355 356
311 310 360
312 311 361
357 307 356
313 312 362
358 308 357
314 313 363
359 309 358
315 314 364
360 310 359
316 315 365
361 311 360
317 316 366
362 312 361
318 317 367
363 313 362
319 318 368
364 314 363
320 319 369
365 315 364
321 320 370
366 316 365
322 321 371
367 317 366
323 322 372
368 318 367
324 323 373
369 319 368
325 324 374
370 320 369
326 325 375
371 321 370
327 326 376
372 322 371
328 327 377
373 323 372
329 328 378
374 324 373
330 329 379
375 325 374
331 330 380
376 326 375
332 331 381
377 327 376
333 332 382
378 328 377
334 333 383
379 329 378
335 334 384
380 330 379
336 335 385
381 331 380
337 336 386
382 332 381
294 343 344
338 337 387
383 333 382
339 338 388
384 334 383
295 344 345
340 339 389
385 335 384
341 340 390
386 336 385
296 345 346
342 341 391
387 337 386
343 342 392
388 338 387
297 346 347
344 343 393
389 339 388
345 344 394
390 340 389
298 347 348
346 345 395
341 390 391
347 346 396
342 391 392
348 347 397
343 392 393
349 348 398
399 349 398
351 350 400
351 401 352
401 351 400
352 401 402
353 352 402
354 353 403
353 402 403
355 354 404
356 355 405
354 403 404
357 356 406
358 357 407
355 404 405
359 358 408
360 359 409
356 405 406
361 360 410
362 361 411
407 357 406
363 362 412
408 358 407
364 363 413
409 359 408
365 364 414
410 360 409
366 365 415
411 361 410
367 366 416
412 362 411
368 367 417
413 363 412
369 368 418
414 364 413
370 369 419
415 365 414
371 370 420
416 366 415
372 371 421
417 367 416
373 372 422
418 368 417
374 373 423
419 369 418
375 374 424
420 370 419
376 375 425
421 371 420
377 376 426
422 372 421
378 377 427
423 373 422
379 378 428
424 374 423
380 379 429
425 375 424
381 380 430
426 376 425
382 381 431
427 377 426
383 382 432
428 378 427
384 383 433
429 379 428
385 384 434
430 380 429
386 385 435
431 381 430
387 386 436
432 382 431
344 393 394
388 387 437
433 383 432
389 388 438
434 384 433
345 394 395
390 389 439
435 385 434
391 390 440
436 386 435
346 395 396
392 391 441
437 387 436
393 392 442
438 388 437
347 396 397
394 393 443
439 389 438
395 394 444
440 390 439
348 397 398
396 395 445
441 391 440
397 396 446
442 392 441
398 397 447
393 442 443
399 398 448
449 399 448
401 400 450
401 451 402
451 401 450
402 451 452
403 402 452
404 403 453
403 452 453
405 404 454
406 405 455
404 453 454
407 406 456
408 407 457
405 454 455
409 408 458
410 409 459
406 455 456
411 410 460
412 411 461
457 407 456
413 412 462
458 408 457
414 413 463
459 409 458
415 414 464
460 410 459
416 415 465
461 411 460
417 416 466
462 412 461
418 417 467
463 413 462
419 418 468
464 414 463
420 419 469
465 415 464
421 420 470
466 416 465
422 421 471
467 417 466
423 422 472
468 418 467
424 423 473
469 419 468
425 424 474
470 420 469
426 425 475
471 421 470
427 426 476
472 422 471
428 427 477
473 423 472
429 428 478
474 424 473
430 429 479
475 425 474
431 430 480
476 426 475
432 431 481
477 427 476
433 432 482
478 428 477
434 433 483
479 429 478
435 434 484
480 430 479
436 435 485
481 431 480
437 436 486
482 432 481
394 443 444
438 437 487
483 433 482
439 438 488
484 434 483
395 444 445
440 439 489
485 435 484
441 440 490
486 436 485
396 445 446
442 441 491
487 437 486
443 442 492
488 438 487
397 446 447
444 443 493
489 439 488
445 444 494
490 440 489
398 447 448
446 445 495
491 441 490
447 446 496
492 442 491
448 447 497
493 443 492
449 448 498
499 449 498
451 450 500
451 501 452
501 451 500
452 501 502
453 452 502
454 453 503
453 502 503
455 454 504
456 455 505
454 503 504
457 456 506
458 457 507
455 504 505
459 458 508
460 459 509
456 505 506
461 460 510
462 461 511
507 457 506
463 462 512
508 458 507
464 463 513
509 459 508
465 464 514
510 460 509
466 465 515
511 461 510
467 466 516
512 462 511
468 467 517
513 463 512
469 468 518
514 464 513
470 469 519
515 465 514
471 470 520
516 466 515
472 471 521
517 467 516
473 472 522
518 468 517
474 473 523
519 469 518
475 474 524
520 470 519
476 475 525
521 471 520
477 476 526
522 472 521
478 477 527
523 473 522
479 478 528
524 474 523
480 479 529
525 475 524
481 480 530
526 476 525
482 481 531
527 477 526
483 482 532
528 478 527
484 483 533
529 479 528
485 484 534
530 480 529
486 485 535
531 481 530
487 486 536
532 482 531
444 493 494
488 487 537
533 483 532
489 488 538
534 484 533
445 494 495
490 489 539
535 485 534
491 490 540
536 486 535
446 495 496
492 491 541
537 487 536
493 492 542
538 488 537
447 496 497
494 493 543
539 489 538
495 494 544
540 490 539
448 497 498
496 495 545
541 491 540
497 496 546
542 492 541
498 497 547
543 493 542
499 498 548
549 499 548
501 500 550
501 551 502
551 501 550
502 551 552
503 502 552
504 503 553
503 552 553
505 504 554
506 505 555
504 553 554
507 506 556
508 507 557
505 554 555
509 508 558
510 509 559
506 555 556
511 510 560
512 511 561
557 507 556
513 512 562
558 508 557
514 513 563
559 509 558
515 514 564
560 510 559
516 515 565
561 511 560
517 516 566
562 512 561
518 517 567
563 513 562
519 518 568
564 514 563
520 519 569
565 515 564
521 520 570
566 516 565
522 521 571
567 517 566
523 522 572
568 518 567
524 523 573
569 519 568
525 524 574
570 520 569
526 525 575
571 521 570
527 526 576
572 522 571
528 527 577
573 523 572
529 528 578
574 524 573
530 529 579
575 525 574
531 530 580
576 526 575
532 531 581
577 527 576
533 532 582
578 528 577
534 533 583
579 529 578
535 534 584
580 530 579
536 535 585
581 531 580
537 536 586
582 532 581
494 543 544
538 537 587
583 533 582
539 538 588
584 534 583
495 544 545
540 539 589
585 535 584
541 540 590
586 536 585
496 545 546
542 541 591
587 537 586
543 542 592
588 538 587
497 546 547
544 543 593
589 539 588
545 544 594
590 540 589
498 547 548
546 545 595
591 541 590
547 546 596
592 542 591
548 547 597
593 543 592
549 548 598
599 549 598
551 550 600
551 601 552
601 551 600
552 601 602
553 552 602
554 553 603
553 602 603
555 554 604
556 555 605
554 603 604
557 556 606
558 557 607
555 604 605
559 558 608
560 559 609
556 605 606
561 560 610
562 561 611
607 557 606
563 562 612
608 558 607
564 563 613
609 559 608
565 564 614
610 560 609
566 565 615
611 561 610
567 566 616
612 562 611
568 567 617
613 563 612
569 568 618
614 564 613
570 569 619
615 565 614
571 570 620
616 566 615
572 571 621
617 567 616
573 572 622
618 568 617
574 573 623
619 569 618
575 574 624
620 570 619
576 575 625
621 571 620
577 576 626
622 572 621
578 577 627
623 573 622
579 578 628
624 574 623
580 579 629
625 575 624
581 580 630
626 576 625
582 581 631
627 577 626
583 582 632
628 578 627
584 583 633
629 579 628
585 584 634
630 580 629
586 585 635
631 581 630
587 586 636
632 582 631
544 593 594
588 587 637
633 583 632
589 588 638
634 584 633
545 594 595
590 589 639
635 585 634
591 590 640
636 586 635
546 595 596
592 591 641
637 587 636
593 592 642
638 588 637
547 596 597
594 593 643
639 589 638
595 594 644
640 590 639
548 597 598
596 595 645
641 591 640
597 596 646
642 592 641
598 597 647
643 593 642
599 598 648
649 599 648
601 600 650
601 651 602
651 601 650
602 651 652
603 602 652
604 603 653
603 652 653
605 604 654
606 605 655
604 653 654
607 606 656
608 607 657
605 654 655
609 608 658
610 609 659
606 655 656
611 610 660
612 611 661
657 607 656
613 612 662
658 608 657
614 613 663
659 609 658
615 614 664
660 610 659
616 615 665
661 611 660
617 616 666
662 612 661
618 617 667
663 613 662
619 618 668
664 614 663
620 619 669
665 615 664
621 620 670
666 616 665
622 621 671
667 617 666
623 622 672
668 618 667
624 623 673
669 619 668
625 624 674
670 620 669
626 625 675
671 621 670
627 626 676
672 622 671
628 627 677
673 623 672
629 628 678
674 624 673
630 629 679
675 625 674
631 630 680
676 626 675
632 631 681
677 627 676
633 632 682
678 628 677
634 633 683
679 629 678
635 634 684
680 630 679
636 635 685
681 631 680
637 636 686
682 632 681
594 643 644
638 637 687
683 633 682
639 638 688
684 634 683
595 644 645
640 639 689
685 635 684
641 640 690
686 636 685
596 645 646
642 641 691
687 637 686
643 642 692
688 638 687
597 646 647
644 643 693
689 639 688
645 644 694
690 640 689
598 647 648
646 645 695
691 641 690
647 646 696
692 642 691
648 647 697
693 643 692
649 648 698
699 649 698
651 650 700
651 701 652
701 651 700
652 701 702
653 652 702
654 653 703
653 702 703
655 654 704
656 655 705
654 703 704
657 656 706
658 657 707
655 704 705
659 658 708
660 659 709
656 705 706
661 660 710
662 661 711
707 657 706
663 662 712
708 658 707
664 663 713
709 659 708
665 664 714
710 660 709
666 665 715
711 661 710
667 666 716
712 662 711
668 667 717
713 663 712
669 668 718
714 664 713
670 669 719
715 665 714
671 670 720
716 666 715
672 671 721
717 667 716
673 672 722
718 668 717
674 673 723
719 669 718
675 674 724
720 670 719
676 675 725
721 671 720
677 676 726
722 672 721
678 677 727
723 673 722
679 678 728
724 674 723
680 679 729
725 675 724
681 680 730
726 676 725
682 681 731
727 677 726
683 682 732
728 678 727
684 683 733
729 679 728
685 684 734
730 680 729
686 685 735
731 681 730
687 686 736
732 682 731
644 693 694
688 687 737
733 683 732
689 688 738
734 684 733
645 694 695
690 689 739
735 685 734
691 690 740
736 686 735
646 695 696
692 691 741
737 687 736
693 692 742
738 688 737
647 696 697
694 693 743
739 689 738
695 694 744
740 690 739
648 697 698
696 695 745
741 691 740
697 696 746
742 692 741
698 697 747
743 693 742
699 698 748
749 699 748
701 700 750
701 751 702
751 701 750
702 751 752
703 702 752
704 703 753
703 752 753
705 704 754
706 705 755
704 753 754
707 706 756
708 707 757
705 754 755
709 708 758
710 709 759
706 755 756
711 710 760
712 711 761
757 707 756
713 712 762
758 708 757
714 713 763
759 709 758
715 714 764
760 710 759
716 715 765
761 711 760
717 716 766
762 712 761
718 717 767
763 713 762
719 718 768
764 714 763
720 719 769
765 715 764
721 720 770
766 716 765
722 721 771
767 717 766
723 722 772
768 718 767
724 723 773
769 719 768
725 724 774
770 720 769
726 725 775
771 721 770
727 726 776
772 722 771
728 727 777
773 723 772
729 728 778
774 724 773
730 729 779
775 725 774
731 730 780
776 726 775
732 731 781
777 727 776
733 732 782
778 728 777
734 733 783
779 729 778
735 734 784
780 730 779
736 735 785
781 731 780
737 736 786
782 732 781
694 743 744
738 737 787
783 733 782
739 738 788
784 734 783
695 744 745
740 739 789
785 735 784
741 740 790
786 736 785
696 745 746
742 741 791
787 737 786
743 742 792
788 738 787
697 746 747
744 743 793
789 739 788
745 744 794
790 740 789
698 747 748
746 745 795
791 741 790
747 746 796
792 742 791
748 747 797
793 743 792
749 748 798
799 749 798
751 750 800
751 801 752
801 751 800
752 801 802
753 752 802
754 753 803
753 802 803
755 754 804
756 755 805
754 803 804
757 756 806
758 757 807
755 804 805
759 758 808
760 759 809
756 805 806
761 760 810
762 761 811
807 757 806
763 762 812
808 758 807
764 763 813
809 759 808
765 764 814
810 760 809
766 765 815
811 761 810
767 766 816
812 762 811
768 767 817
813 763 812
769 768 818
814 764 813
770 769 819
815 765 814
771 770 820
816 766 815
772 771 821
817 767 816
773 772 822
818 768 817
774 773 823
819 769 818
775 774 824
820 770 819
776 775 825
821 771 820
777 776 826
822 772 821
778 777 827
823 773 822
779 778 828
824 774 823
780 779 829
825 775 824
781 780 830
826 776 825
782 781 831
827 777 826
783 782 832
828 778 827
784 783 833
829 779 828
785 784 834
830 780 829
786 785 835
831 781 830
787 786 836
832 782 831
744 793 794
788 787 837
833 783 832
789 788 838
834 784 833
745 794 795
790 789 839
835 785 834
791 790 840
836 786 835
746 795 796
792 791 841
837 787 836
793 792 842
838 788 837
747 796 797
794 793 843
839 789 838
795 794 844
840 790 839
748 797 798
796 795 845
841 791 840
797 796 846
842 792 841
798 797 847
843 793 842
799 798 848
849 799 848
801 800 850
801 851 802
851 801 850
802 851 852
803 802 852
804 803 853
803 852 853
805 804 854
806 805 855
804 853 854
807 806 856
808 807 857
805 854 855
809 808 858
810 809 859
806 855 856
811 810 860
812 811 861
857 807 856
813 812 862
858 808 857
814 813 863
859 809 858
815 814 864
860 810 859
816 815 865
861 811 860
817 816 866
862 812 861
818 817 867
863 813 862
819 818 868
864 814 863
820 819 869
865 815 864
821 820 870
866 816 865
822 821 871
867 817 866
823 822 872
868 818 867
824 823 873
869 819 868
825 824 874
870 820 869
826 825 875
871 821 870
827 826 876
872 822 871
828 827 877
873 823 872
829 828 878
874 824 873
830 829 879
875 825 874
831 830 880
876 826 875
832 831 881
877 827 876
833 832 882
878 828 877
834 833 883
879 829 878
835 834 884
880 830 879
836 835 885
881 831 880
837 836 886
882 832 881
794 843 844
838 837 887
883 833 882
839 838 888
884 834 883
795 844 845
840 839 889
885 835 884
841 840 890
886 836 885
796 845 846
842 841 891
887 837 886
843 842 892
888 838 887
797 846 847
844 843 893
889 839 888
845 844 894
840 889 890
798 847 848
846 845 895
841 890 891
847 846 896
842 891 892
848 847 897
843 892 893
849 848 898
899 849 898
851 850 900
851 901 852
901 851 900
852 901 902
853 852 902
854 853 903
853 902 903
855 854 904
856 855 905
854 903 904
857 856 906
858 857 907
855 904 905
859 858 908
860 859 909
856 905 906
861 860 910
857 906 907
862 861 911
858 907 908
863 862 912
859 908 909
864 863 913
860 909 910
865 864 914
861 910 911
866 865 915
862 911 912
867 866 916
863 912 913
868 867 917
864 913 914
869 868 918
865 914 915
870 869 919
866 915 916
871 870 920
867 916 917
872 871 921
868 917 918
873 872 922
874 873 923
919 869 918
875 874 924
920 870 919
876 875 925
921 871 920
877 876 926
922 872 921
878 877 927
923 873 922
879 878 928
924 874 923
880 879 929
925 875 924
881 880 930
926 876 925
882 881 931
927 877 926
883 882 932
928 878 927
884 883 933
929 879 928
885 884 934
930 880 929
886 885 935
931 881 930
887 886 936
932 882 931
844 893 894
888 887 937
933 883 932
889 888 938
934 884 933
845 894 895
890 889 939
935 885 934
891 890 940
936 886 935
846 895 896
892 891 941
937 887 936
893 892 942
938 888 937
847 896 897
894 893 943
939 889 938
895 894 944
940 890 939
848 897 898
896 895 945
941 891 940
897 896 946
942 892 941
898 897 947
943 893 942
899 898 948
949 899 948
901 900 950
901 951 902
951 901 950
902 951 952
903 902 952
904 903 953
903 952 953
905 904 954
906 905 955
904 953 954
907 906 956
908 907 957
905 954 955
909 908 958
910 909 959
906 955 956
911 910 960
907 956 957
912 911 961
908 957 958
913 912 962
909 958 959
914 913 963
910 959 960
915 914 964
911 960 961
916 915 965
912 961 962
917 916 966
913 962 963
918 917 967
914 963 964
919 918 968
915 964 965
920 919 969
916 965 966
921 920 970
917 966 967
922 921 971
918 967 968
923 922 972
919 968 969
924 923 973
920 969 970
925 924 974
921 970 971
926 925 975
927 926 976
972 922 971
928 927 977
973 923 972
929 928 978
974 924 973
930 929 979
975 925 974
931 930 980
976 926 975
932 931 981
977 927 976
933 932 982
978 928 977
934 933 983
979 929 978
935 934 984
980 930 979
936 935 985
981 931 980
937 936 986
982 932 981
894 943 944
938 937 987
983 933 982
939 938 988
984 934 983
895 944 945
940 939 989
985 935 984
941 940 990
986 936 985
896 945 946
942 941 991
987 937 986
943 942 992
988 938 987
897 946 947
944 943 993
989 939 988
945 944 994
990 940 989
898 947 948
946 945 995
991 941 990
947 946 996
992 942 991
948 947 997
993 943 992
949 948 998
999 949 998
951 950 1000
951 1001 952
1001 951 1000
952 1001 1002
953 952 1002
954 953 1003
953 1002 1003
955 954 1004
956 955 1005
954 1003 1004
957 956 1006
958 957 1007
955 1004 1005
959 958 1008
960 959 1009
956 1005 1006
961 960 1010
957 1006 1007
962 961 1011
958 1007 1008
963 962 1012
959 1008 1009
964 963 1013
960 1009 1010
965 964 1014
961 1010 1011
966 965 1015
962 1011 1012
967 966 1016
963 1012 1013
968 967 1017
964 1013 1014
969 968 1018
965 1014 1015
970 969 1019
966 1015 1016
971 970 1020
967 1016 1017
972 971 1021
968 1017 1018
973 972 1022
969 1018 1019
974 973 1023
970 1019 1020
975 974 1024
971 1020 1021
976 975 1025
972 1021 1022
977 976 1026
973 1022 1023
978 977 1027
979 978 1028
1024 974 1023
980 979 1029
1025 975 1024
981 980 1030
1026 976 1025
982 981 1031
1027 977 1026
983 982 1032
1028 978 1027
984 983 1033
1029 979 1028
985 984 1034
1030 980 1029
986 985 1035
1031 981 1030
987 986 1036
1032 982 1031
944 993 994
988 987 1037
1033 983 1032
989 988 1038
1034 984 1033
945 994 995
990 989 1039
1035 985 1034
991 990 1040
1036 986 1035
946 995 996
992 991 1041
1037 987 1036
993 992 1042
1038 988 1037
947 996 997
994 993 1043
1039 989 1038
995 994 1044
1040 990 1039
948 997 998
996 995 1045
1041 991 1040
997 996 1046
1042 992 1041
998 997 1047
1043 993 1042
999 998 1048
1049 999 1048
1001 1000 1050
1001 1051 1002
1051 1001 1050
1002 1051 1052
1003 1002 1052
1004 1003 1053
1003 1052 1053
1005 1004 1054
1006 1005 1055
1004 1053 1054
1007 1006 1056
1008 1007 1057
1005 1054 1055
1009 1008 1058
1010 1009 1059
1006 1055 1056
1011 1010 1060
1007 1056 1057
1012 1011 1061
1008 1057 1058
1013 1012 1062
1009 1058 1059
1014 1013 1063
1010 1059 1060
1015 1014 1064
1011 1060 1061
1016 1015 1065
1012 1061 1062
1017 1016 1066
1013 1062 1063
1018 1017 1067
1014 1063 1064
1019 1018 1068
1015 1064 1065
1020 1019 1069
1016 1065 1066
1021 1020 1070
1017 1066 1067
1022 1021 1071
1018 1067 1068
1023 1022 1072
1019 1068 1069
1024 1023 1073
1020 1069 1070
1025 1024 1074
1021 1070 1071
1026 1025 1075
1022 1071 1072
1027 1026 1076
1023 1072 1073
1028 1027 1077
1029 1028 1078
1074 1024 1073
1030 1029 1079
1075 1025 1074
1031 1030 1080
1076 1026 1075
1032 1031 1081
1077 1027 1076
1033 1032 1082
1078 1028 1077
1034 1033 1083
1079 1029 1078
1035 1034 1084
1080 1030 1079
1036 1035 1085
1081 1031 1080
1037 1036 1086
1082 1032 1081
994 1043 1044
1038 1037 1087
1083 1033 1082
1039 1038 1088
1084 1034 1083
995 1044 1045
1040 1039 1089
1085 1035 1084
1041 1040 1090
1086 1036 1085
996 1045 1046
1042 1041 1091
1087 1037 1086
1043 1042 1092
1088 1038 1087
997 1046 1047
1044 1043 1093
1089 1039 1088
1045 1044 1094
1090 1040 1089
998 1047 1048
1046 1045 1095
1091 1041 1090
1047 1046 1096
1092 1042 1091
1048 1047 1097
1093 1043 1092
1049 1048 1098
1099 1049 1098
1051 1050 1100
1051 1101 1052
1101 1051 1100
1052 1101 1102
1053 1052 1102
1054 1053 1103
1053 1102 1103
1055 1054 1104
1056 1055 1105
1054 1103 1104
1057 1056 1106
1058 1057 1107
1055 1104 1105
1059 1058 1108
1060 1059 1109
1056 1105 1106
1061 1060 1110
1057 1106 1107
1062 1061 1111
1058 1107 1108
1063 1062 1112
1059 1108 1109
1064 1063 1113
1060 1109 1110
1065 1064 1114
1061 1110 1111
1066 1065 1115
1062 1111 1112
1067 1066 1116
1063 1112 1113
1068 1067 1117
1064 1113 1114
1069 1068 1118
1065 1114 1115
1070 1069 1119
1066 1115 1116
1071 1070 1120
1067 1116 1117
1072 1071 1121
1068 1117 1118
1073 1072 1122
1069 1118 1119
1074 1073 1123
1070 1119 1120
1075 1074 1124
1071 1120 1121
1076 1075 1125
1072 1121 1122
1077 1076 1126
1073 1122 1123
1078 1077 1127
1079 1078 1128
1124 1074 1123
1080 1079 1129
1125 1075 1124
1081 1080 1130
1126 1076 1125
1082 1081 1131
1127 1077 1126
1083 1082 1132
1128 1078 1127
1084 1083 1133
1129 1079 1128
1085 1084 1134
1130 1080 1129
1086 1085 1135
1131 1081 1130
1087 1086 1136
1132 1082 1131
1044 1093 1094
1088 1087 1137
1133 1083 1132
1089 1088 1138
1134 1084 1133
1045 1094 1095
1090 1089 1139
1135 1085 1134
1091 1090 1140
1136 1086 1135
1046 1095 1096
1092 1091 1141
1137 1087 1136
1093 1092 1142
1138 1088 1137
1047 1096 1097
1094 1093 1143
1139 1089 1138
1095 1094 1144
1140 1090 1139
1048 1097 1098
1096 1095 1145
1141 1091 1140
1097 1096 1146
1142 1092 1141
1098 1097 1147
1143 1093 1142
1099 1098 1148
1149 1099 1148
1101 1100 1150
1101 1151 1102
1151 1101 1150
1102 1151 1152
1103 1102 1152
1104 1103 1153
1103 1152 1153
1105 1104 1154
1106 1105 1155
1104 1153 1154
1107 1106 1156
1108 1107 1157
1105 1154 1155
1109 1108 1158
1110 1109 1159
1106 1155 1156
1111 1110 1160
1107 1156 1157
1112 1111 1161
1108 1157 1158
1113 1112 1162
1109 1158 1159
1114 1113 1163
1110 1159 1160
1115 1114 1164
1111 1160 1161
1116 1115 1165
1112 1161 1162
1117 1116 1166
1113 1162 1163
1118 1117 1167
1114 1163 1164
1119 1118 1168
1115 1164 1165
1120 1119 1169
1116 1165 1166
1121 1120 1170
1117 1166 1167
1122 1121 1171
1118 1167 1168
1123 1122 1172
1119 1168 1169
1124 1123 1173
1120 1169 1170
1125 1124 1174
1121 1170 1171
1126 1125 1175
1122 1171 1172
1127 1126 1176
1123 1172 1173
1128 1127 1177
1124 1173 1174
1129 1128 1178
1125 1174 1175
1130 1129 1179
1131 1130 1180
1176 1126 1175
1132 1131 1181
1177 1127 1176
1133 1132 1182
1129 1178 1179
1134 1133 1183
1135 1134 1184
1180 1130 1179
1136 1135 1185
1181 1131 1180
1137 1136 1186
1182 1132 1181
1094 1143 1144
1138 1137 1187
1183 1133 1182
1139 1138 1188
1184 1134 1183
1095 1144 1145
1140 1139 1189
1185 1135 1184
1141 1140 1190
1186 1136 1185
1096 1145 1146
1142 1141 1191
1187 1137 1186
1143 1142 1192
1188 1138 1187
1097 1146 1147
1144 1143 1193
1189 1139 1188
1145 1144 1194
1190 1140 1189
1098 1147 1148
1146 1145 1195
1191 1141 1190
1147 1146 1196
1192 1142 1191
1148 1147 1197
1193 1143 1192
1149 1148 1198
1199 1149 1198
1151 1150 1200
1151 1201 1152
1201 1151 1200
1152 1201 1202
1153 1152 1202
1154 1153 1203
1153 1202 1203
1155 1154 1204
1156 1155 1205
1154 1203 1204
1157 1156 1206
1158 1157 1207
1155 1204 1205
1159 1158 1208
1160 1159 1209
1156 1205 1206
1161 1160 1210
1157 1206 1207
1162 1161 1211
1158 1207 1208
1163 1162 1212
1159 1208 1209
1164 1163 1213
1160 1209 1210
1165 1164 1214
1161 1210 1211
1166 1165 1215
1162 1211 1212
1167 1166 1216
1163 1212 1213
1168 1167 1217
1164 1213 1214
1169 1168 1218
1165 1214 1215
1170 1169 1219
1166 1215 1216
1171 1170 1220
1167 1216 1217
1128 1177 1178
1172 1171 1221
1168 1217 1218
1173 1172 1222
1169 1218 1219
1174 1173 1223
1170 1219 1220
1175 1174 1224
1171 1220 1221
1176 1175 1225
1172 1221 1222
1177 1176 1226
1173 1222 1223
1178 1177 1227
1174 1223 1224
1179 1178 1228
1175 1224 1225
1180 1179 1229
1176 1225 1226
1181 1180 1230
1177 1226 1227
1182 1181 1231
1178 1227 1228
1183 1182 1232
1179 1228 1229
1184 1183 1233
1180 1229 1230
1185 1184 1234
1186 1185 1235
1231 1181 1230
1187 1186 1236
1232 1182 1231
1144 1193 1194
1188 1187 1237
1233 1183 1232
1189 1188 1238
1234 1184 1233
1145 1194 1195
1190 1189 1239
1235 1185 1234
1191 1190 1240
1236 1186 1235
1146 1195 1196
1192 1191 1241
1237 1187 1236
1193 1192 1242
1238 1188 1237
1147 1196 1197
1194 1193 1243
1239 1189 1238
1195 1194 1244
1240 1190 1239
1148 1197 1198
1196 1195 1245
1241 1191 1240
1197 1196 1246
1242 1192 1241
1198 1197 1247
1243 1193 1242
1199 1198 1248
1249 1199 1248
1201 1200 1250
1201 1251 1202
1251 1201 1250
1202 1251 1252
1203 1202 1252
1204 1203 1253
1203 1252 1253
1205 1204 1254
1206 1205 1255
1204 1253 1254
1207 1206 1256
1208 1207 1257
1205 1254 1255
1209 1208 1258
1210 1209 1259
1206 1255 1256
1211 1210 1260
1207 1256 1257
1212 1211 1261
1208 1257 1258
1213 1212 1262
1209 1258 1259
1214 1213 1263
1210 1259 1260
1215 1214 1264
1211 1260 1261
1216 1215 1265
1212 1261 1262
1217 1216 1266
1213 1262 1263
1218 1217 1267
1214 1263 1264
1219 1218 1268
1215 1264 1265
1220 1219 1269
1216 1265 1266
1221 1220 1270
1217 1266 1267
1222 1221 1271
1218 1267 1268
1223 1222 1272
1219 1268 1269
1224 1223 1273
1220 1269 1270
1225 1224 1274
1221 1270 1271
1226 1225 1275
1222 1271 1272
1227 1226 1276
1223 1272 1273
1228 1227 1277
1224 1273 1274
1229 1228 1278
1225 1274 1275
1230 1229 1279
1226 1275 1276
1231 1230 1280
1227 1276 1277
1232 1231 1281
1228 1277 1278
1233 1232 1282
1229 1278 1279
1234 1233 1283
1230 1279 1280
1235 1234 1284
1231 1280 1281
1236 1235 1285
1232 1281 1282
1237 1236 1286
1194 1243 1244
1238 1237 1287
1283 1233 1282
1239 1238 1288
1284 1234 1283
1195 1244 1245
1240 1239 1289
1285 1235 1284
1241 1240 1290
1286 1236 1285
1196 1245 1246
1242 1241 1291
1287 1237 1286
1243 1242 1292
1288 1238 1287
1197 1246 1247
1244 1243 1293
1289 1239 1288
1245 1244 1294
1290 1240 1289
1198 1247 1248
1246 1245 1295
1291 1241 1290
1247 1246 1296
1292 1242 1291
1248 1247 1297
1293 1243 1292
1249 1248 1298
1299 1249 1298
1251 1250 1300
1251 1301 1252
1301 1251 1300
1252 1301 1302
1253 1252 1302
1254 1253 1303
1253 1302 1303
1255 1254 1304
1256 1255 1305
1254 1303 1304
1257 1256 1306
1258 1257 1307
1255 1304 1305
1259 1258 1308
1260 1259 1309
1256 1305 1306
1261 1260 1310
1257 1306 1307
1262 1261 1311
1258 1307 1308
1263 1262 1312
1259 1308 1309
1264 1263 1313
1260 1309 1310
1265 1264 1314
1261 1310 1311
1266 1265 1315
1262 1311 1312
1267 1266 1316
1263 1312 1313
1268 1267 1317
1264 1313 1314
1269 1268 1318
1265 1314 1315
1270 1269 1319
1266 1315 1316
1271 1270 1320
1267 1316 1317
1272 1271 1321
1268 1317 1318
1273 1272 1322
1269 1318 1319
1274 1273 1323
1270 1319 1320
1275 1274 1324
1271 1320 1321
1276 1275 1325
1272 1321 1322
1277 1276 1326
1273 1322 1323
1278 1277 1327
1274 1323 1324
1279 1278 1328
1275 1324 1325
1280 1279 1329
1276 1325 1326
1281 1280 1330
1277 1326 1327
1282 1281 1331
1278 1327 1328
1283 1282 1332
1279 1328 1329
1284 1283 1333
1280 1329 1330
1285 1284 1334
1281 1330 1331
1286 1285 1335
1282 1331 1332
1287 1286 1336
1283 1332 1333
1244 1293 1294
1288 1287 1337
1289 1288 1338
1334 1284 1333
1245 1294 1295
1290 1289 1339
1335 1285 1334
1291 1290 1340
1336 1286 1335
1246 1295 1296
1292 1291 1341
1337 1287 1336
1293 1292 1342
1338 1288 1337
1247 1296 1297
1294 1293 1343
1339 1289 1338
1295 1294 1344
1340 1290 1339
1248 1297 1298
1296 1295 1345
1341 1291 1340
1297 1296 1346
1342 1292 1341
1298 1297 1347
1343 1293 1342
1299 1298 1348
1349 1299 1348
1301 1300 1350
1301 1351 1302
1351 1301 1350
1302 1351 1352
1303 1302 1352
1304 1303 1353
1303 1352 1353
1305 1304 1354
1306 1305 1355
1304 1353 1354
1307 1306 1356
1308 1307 1357
1305 1354 1355
1309 1308 1358
1310 1309 1359
1306 1355 1356
1311 1310 1360
1307 1356 1357
1312 1311 1361
1308 1357 1358
1313 1312 1362
1309 1358 1359
1314 1313 1363
1310 1359 1360
1315 1314 1364
1311 1360 1361
1316 1315 1365
1312 1361 1362
1317 1316 1366
1313 1362 1363
1318 1317 1367
1314 1363 1364
1319 1318 1368
1315 1364 1365
1320 1319 1369
1316 1365 1366
1321 1320 1370
1317 1366 1367
1322 1321 1371
1318 1367 1368
1323 1322 1372
1319 1368 1369
1324 1323 1373
1320 1369 1370
1325 1324 1374
1321 1370 1371
1326 1325 1375
1322 1371 1372
1327 1326 1376
1323 1372 1373
1328 1327 1377
1324 1373 1374
1329 1328 1378
1325 1374 1375
1330 1329 1379
1326 1375 1376
1331 1330 1380
1327 1376 1377
1332 1331 1381
1328 1377 1378
1333 1332 1382
1329 1378 1379
1334 1333 1383
1330 1379 1380
1335 1334 1384
1331 1380 1381
1336 1335 1385
1332 1381 1382
1337 1336 1386
1333 1382 1383
1294 1343 1344
1338 1337 1387
1334 1383 1384
1339 1338 1388
1335 1384 1385
1295 1344 1345
1340 1339 1389
1341 1340 1390
1386 1336 1385
1296 1345 1346
1342 1341 1391
1387 1337 1386
1343 1342 1392
1388 1338 1387
1297 1346 1347
1344 1343 1393
1389 1339 1388
1345 1344 1394
1390 1340 1389
1298 1347 1348
1346 1345 1395
1391 1341 1390
1347 1346 1396
1392 1342 1391
1348 1347 1397
1393 1343 1392
1349 1348 1398
1399 1349 1398
1351 1350 1400
1351 1401 1352
1401 1351 1400
1352 1401 1402
1353 1352 1402
1354 1353 1403
1353 1402 1403
1355 1354 1404
1356 1355 1405
1354 1403 1404
1357 1356 1406
1358 1357 1407
1355 1404 1405
1359 1358 1408
1360 1359 1409
1356 1405 1406
1361 1360 1410
1357 1406 1407
1362 1361 1411
1358 1407 1408
1363 1362 1412
1359 1408 1409
1364 1363 1413
1360 1409 1410
1365 1364 1414
1361 1410 1411
1366 1365 1415
1362 1411 1412
1367 1366 1416
1363 1412 1413
1368 1367 1417
1364 1413 1414
1369 1368 1418
1365 1414 1415
1370 1369 1419
1366 1415 1416
1371 1370 1420
1367 1416 1417
1372 1371 1421
1368 1417 1418
1373 1372 1422
1369 1418 1419
1374 1373 1423
1370 1419 1420
1375 1374 1424
1371 1420 1421
1376 1375 1425
1372 1421 1422
1377 1376 1426
1373 1422 1423
1378 1377 1427
1374 1423 1424
1379 1378 1428
1375 1424 1425
1380 1379 1429
1376 1425 1426
1381 1380 1430
1377 1426 1427
1382 1381 1431
1378 1427 1428
1383 1382 1432
1379 1428 1429
1384 1383 1433
1380 1429 1430
1385 1384 1434
1381 1430 1431
1386 1385 1435
1382 1431 1432
1387 1386 1436
1383 1432 1433
1344 1393 1394
1388 1387 1437
1384 1433 1434
1389 1388 1438
1385 1434 1435
1345 1394 1395
1390 1389 1439
1386 1435 1436
1391 1390 1440
1346 1395 1396
1392 1391 1441
1437 1387 1436
1393 1392 1442
1438 1388 1437
1347 1396 1397
1394 1393 1443
1439 1389 1438
1395 1394 1444
1440 1390 1439
1348 1397 1398
1396 1395 1445
1441 1391 1440
1397 1396 1446
1442 1392 1441
1398 1397 1447
1443 1393 1442
1399 1398 1448
1449 1399 1448
1401 1400 1450
1401 1451 1402
1451 1401 1450
1402 1451 1452
1403 1402 1452
1404 1403 1453
1403 1452 1453
1405 1404 1454
1406 1405 1455
1404 1453 1454
1407 1406 1456
1408 1407 1457
1405 1454 1455
1409 1408 1458
1410 1409 1459
1406 1455 1456
1411 1410 1460
1407 1456 1457
1412 1411 1461
1408 1457 1458
1413 1412 1462
1409 1458 1459
1414 1413 1463
1410 1459 1460
1415 1414 1464
1411 1460 1461
1416 1415 1465
1412 1461 1462
1417 1416 1466
1413 1462 1463
1418 1417 1467
1414 1463 1464
1419 1418 1468
1415 1464 1465
1420 1419 1469
1416 1465 1466
1421 1420 1470
1417 1466 1467
1422 1421 1471
1418 1467 1468
1423 1422 1472
1419 1468 1469
1424 1423 1473
1420 1469 1470
1425 1424 1474
1421 1470 1471
1426 1425 1475
1422 1471 1472
1427 1426 1476
1423 1472 1473
1428 1427 1477
1424 1473 1474
1429 1428 1478
1425 1474 1475
1430 1429 1479
1426 1475 1476
1431 1430 1480
1427 1476 1477
1432 1431 1481
1428 1477 1478
1433 1432 1482
1429 1478 1479
1434 1433 1483
1430 1479 1480
1435 1434 1484
1431 1480 1481
1436 1435 1485
1432 1481 1482
1437 1436 1486
1433 1482 1483
1394 1443 1444
1438 1437 1487
1434 1483 1484
1439 1438 1488
1435 1484 1485
1395 1444 1445
1440 1439 1489
1436 1485 1486
1441 1440 1490
1437 1486 1487
1396 1445 1446
1442 1441 1491
1443 1442 1492
1488 1438 1487
1397 1446 1447
1444 1443 1493
1489 1439 1488
1445 1444 1494
1490 1440 1489
1398 1447 1448
1446 1445 1495
1491 1441 1490
1447 1446 1496
1492 1442 1491
1448 1447 1497
1493 1443 1492
1449 1448 1498
1499 1449 1498
1451 1450 1500
1451 1501 1452
1501 1451 1500
1452 1501 1502
1453 1452 1502
1454 1453 1503
1453 1502 1503
1455 1454 1504
1456 1455 1505
1454 1503 1504
1457 1456 1506
1458 1457 1507
1455 1504 1505
1459 1458 1508
1460 1459 1509
1456 1505 1506
1461 1460 1510
1457 1506 1507
1462 1461 1511
1458 1507 1508
1463 1462 1512
1459 1508 1509
1464 1463 1513
1460 1509 1510
1465 1464 1514
1461 1510 1511
1466 1465 1515
1462 1511 1512
1467 1466 1516
1463 1512 1513
1468 1467 1517
1464 1513 1514
1469 1468 1518
1465 1514 1515
1470 1469 1519
1466 1515 1516
1471 1470 1520
1467 1516 1517
1472 1471 1521
1468 1517 1518
1473 1472 1522
1469 1518 1519
1474 1473 1523
1470 1519 1520
1475 1474 1524
1471 1520 1521
1476 1475 1525
1472 1521 1522
1477 1476 1526
1473 1522 1523
1478 1477 1527
1474 1523 1524
1479 1478 1528
1475 1524 1525
1480 1479 1529
1476 1525 1526
1481 1480 1530
1477 1526 1527
1482 1481 1531
1478 1527 1528
1483 1482 1532
1479 1528 1529
1484 1483 1533
1480 1529 1530
1485 1484 1534
1481 1530 1531
1486 1485 1535
1482 1531 1532
1487 1486 1536
1483 1532 1533
1444 1493 1494
1488 1487 1537
1484 1533 1534
1489 1488 1538
1485 1534 1535
1445 1494 1495
1490 1489 1539
1486 1535 1536
1491 1490 1540
1487 1536 1537
1446 1495 1496
1492 1491 1541
1488 1537 1538
1493 1492 1542
1489 1538 1539
1447 1496 1497
1494 1493 1543
1495 1494 1544
1540 1490 1539
1448 1497 1498
1496 1495 1545
1541 1491 1540
1497 1496 1546
1542 1492 1541
1498 1497 1547
1543 1493 1542
1499 1498 1548
1549 1499 1548
1501 1500 1550
1501 1551 1502
1551 1501 1550
1502 1551 1552
1503 1502 1552
1504 1503 1553
1503 1552 1553
1505 1504 1554
1506 1505 1555
1504 1553 1554
1507 1506 1556
1508 1507 1557
1505 1554 1555
1509 1508 1558
1510 1509 1559
1506 1555 1556
1511 1510 1560
1507 1556 1557
1512 1511 1561
1508 1557 1558
1513 1512 1562
1509 1558 1559
1514 1513 1563
1510 1559 1560
1515 1514 1564
1511 1560 1561
1516 1515 1565
1512 1561 1562
1517 1516 1566
1513 1562 1563
1518 1517 1567
1514 1563 1564
1519 1518 1568
1515 1564 1565
1520 1519 1569
1516 1565 1566
1521 1520 1570
1517 1566 1567
1522 1521 1571
1518 1567 1568
1523 1522 1572
1519 1568 1569
1524 1523 1573
1520 1569 1570
1525 1524 1574
1521 1570 1571
1526 1525 1575
1522 1571 1572
1527 1526 1576
1523 1572 1573
1528 1527 1577
1524 1573 1574
1529 1528 1578
1525 1574 1575
1530 1529 1579
1526 1575 1576
1531 1530 1580
1527 1576 1577
1532 1531 1581
1528 1577 1578
1533 1532 1582
1529 1578 1579
1534 1533 1583
1530 1579 1580
1535 1534 1584
1531 1580 1581
1536 1535 1585
1532 1581 1582
1537 1536 1586
1533 1582 1583
1494 1543 1544
1538 1537 1587
1534 1583 1584
1539 1538 1588
1535 1584 1585
1495 1544 1545
1540 1539 1589
1536 1585 1586
1541 1540 1590
1537 1586 1587
1496 1545 1546
1542 1541 1591
1538 1587 1588
1543 1542 1592
1539 1588 1589
1497 1546 1547
1544 1543 1593
1545 1544 1594
1590 1540 1589
1498 1547 1548
1546 1545 1595
1591 1541 1590
1547 1546 1596
1592 1542 1591
1548 1547 1597
1593 1543 1592
1549 1548 1598
1599 1549 1598
1551 1550 1600
1551 1601 1552
1601 1551 1600
1552 1601 1602
1553 1552 1602
1554 1553 1603
1553 1602 1603
1555 1554 1604
1556 1555 1605
1554 1603 1604
1557 1556 1606
1558 1557 1607
1555 1604 1605
1559 1558 1608
1560 1559 1609
1556 1605 1606
1561 1560 1610
1557 1606 1607
1562 1561 1611
1558 1607 1608
1563 1562 1612
1559 1608 1609
1564 1563 1613
1560 1609 1610
1565 1564 1614
1561 1610 1611
1566 1565 1615
1562 1611 1612
1567 1566 1616
1563 1612 1613
1568 1567 1617
1564 1613 1614
1569 1568 1618
1565 1614 1615
1570 1569 1619
1566 1615 1616
1571 1570 1620
1567 1616 1617
1572 1571 1621
1568 1617 1618
1573 1572 1622
1569 1618 1619
1574 1573 1623
1570 1619 1620
1575 1574 1624
1571 1620 1621
1576 1575 1625
1572 1621 1622
1577 1576 1626
1573 1622 1623
1578 1577 1627
1574 1623 1624
1579 1578 1628
1575 1624 1625
1580 1579 1629
1576 1625 1626
1581 1580 1630
1577 1626 1627
1582 1581 1631
1578 1627 1628
1583 1582 1632
1579 1628 1629
1584 1583 1633
1580 1629 1630
1585 1584 1634
1581 1630 1631
1586 1585 1635
1582 1631 1632
1587 1586 1636
1583 1632 1633
1544 1593 1594
1588 1587 1637
1584 1633 1634
1589 1588 1638
1585 1634 1635
1545 1594 1595
1590 1589 1639
1586 1635 1636
1591 1590 1640
1587 1636 1637
1546 1595 1596
1592 1591 1641
1588 1637 1638
1593 1592 1642
1589 1638 1639
1547 1596 1597
1594 1593 1643
1595 1594 1644
1640 1590 1639
1548 1597 1598
1596 1595 1645
1641 1591 1640
1597 1596 1646
1642 1592 1641
1598 1597 1647
1643 1593 1642
1599 1598 1648
1649 1599 1648
1601 1600 1650
1601 1651 1602
1651 1601 1650
1602 1651 1652
1603 1602 1652
1604 1603 1653
1603 1652 1653
1605 1604 1654
1606 1605 1655
1604 1653 1654
1607 1606 1656
1608 1607 1657
1605 1654 1655
1609 1608 1658
1610 1609 1659
1606 1655 1656
1611 1610 1660
1607 1656 1657
1612 1611 1661
1608 1657 1658
1613 1612 1662
1609 1658 1659
1614 1613 1663
1610 1659 1660
1615 1614 1664
1611 1660 1661
1616 1615 1665
1612 1661 1662
1617 1616 1666
1613 1662 1663
1618 1617 1667
1614 1663 1664
1619 1618 1668
1615 1664 1665
1620 1619 1669
1616 1665 1666
1621 1620 1670
1617 1666 1667
1622 1621 1671
1618 1667 1668
1623 1622 1672
1619 1668 1669
1624 1623 1673
1620 1669 1670
1625 1624 1674
1621 1670 1671
1626 1625 1675
1622 1671 1672
1627 1626 1676
1623 1672 1673
1628 1627 1677
1624 1673 1674
1629 1628 1678
1625 1674 1675
1630 1629 1679
1631 1630 1680
1676 1626 1675
1632 1631 1681
1677 1627 1676
1633 1632 1682
1678 1628 1677
1634 1633 1683
1679 1629 1678
1635 1634 1684
1680 1630 1679
1636 1635 1685
1681 1631 1680
1637 1636 1686
1682 1632 1681
1594 1643 1644
1638 1637 1687
1683 1633 1682
1639 1638 1688
1684 1634 1683
1595 1644 1645
1640 1639 1689
1685 1635 1684
1641 1640 1690
1686 1636 1685
1596 1645 1646
1642 1641 1691
1687 1637 1686
1643 1642 1692
1688 1638 1687
1597 1646 1647
1644 1643 1693
1689 1639 1688
1645 1644 1694
1690 1640 1689
1598 1647 1648
1646 1645 1695
1691 1641 1690
1647 1646 1696
1692 1642 1691
1648 1647 1697
1693 1643 1692
1649 1648 1698
1699 1649 1698
1651 1650 1700
1651 1701 1652
1701 1651 1700
1652 1701 1702
1653 1652 1702
1654 1653 1703
1653 1702 1703
1655 1654 1704
1656 1655 1705
1654 1703 1704
1657 1656 1706
1658 1657 1707
1655 1704 1705
1659 1658 1708
1660 1659 1709
1656 1705 1706
1661 1660 1710
1657 1706 1707
1662 1661 1711
1658 1707 1708
1663 1662 1712
1659 1708 1709
1664 1663 1713
1660 1709 1710
1665 1664 1714
1661 1710 1711
1666 1665 1715
1662 1711 1712
1667 1666 1716
1663 1712 1713
1668 1667 1717
1664 1713 1714
1669 1668 1718
1665 1714 1715
1670 1669 1719
1666 1715 1716
1671 1670 1720
1667 1716 1717
1672 1671 1721
1668 1717 1718
1673 1672 1722
1669 1718 1719
1674 1673 1723
1670 1719 1720
1675 1674 1724
1671 1720 1721
1676 1675 1725
1672 1721 1722
1677 1676 1726
1673 1722 1723
1678 1677 1727
1674 1723 1724
1679 1678 1728
1675 1724 1725
1680 1679 1729
1676 1725 1726
1681 1680 1730
1677 1726 1727
1682 1681 1731
1678 1727 1728
1683 1682 1732
1679 1728 1729
1684 1683 1733
1680 1729 1730
1685 1684 1734
1681 1730 1731
1686 1685 1735
1682 1731 1732
1687 1686 1736
1683 1732 1733
1644 1693 1694
1688 1687 1737
1684 1733 1734
1689 1688 1738
1685 1734 1735
1645 1694 1695
1690 1689 1739
1686 1735 1736
1691 1690 1740
1687 1736 1737
1646 1695 1696
1692 1691 1741
1688 1737 1738
1693 1692 1742
1689 1738 1739
1647 1696 1697
1694 1693 1743
1690 1739 1740
1695 1694 1744
1691 1740 1741
1648 1697 1698
1696 1695 1745
1697 1696 1746
1742 1692 1741
1698 1697 1747
1743 1693 1742
1699 1698 1748
1749 1699 1748
1701 1700 1750
1701 1751 1702
1751 1701 1750
1702 1751 1752
1703 1702 1752
1704 1703 1753
1703 1752 1753
1705 1704 1754
1706 1705 1755
1704 1753 1754
1707 1706 1756
1708 1707 1757
1705 1754 1755
1709 1708 1758
1710 1709 1759
1706 1755 1756
1711 1710 1760
1707 1756 1757
1712 1711 1761
1708 1757 1758
1713 1712 1762
1709 1758 1759
1714 1713 1763
1710 1759 1760
1715 1714 1764
1711 1760 1761
1716 1715 1765
1712 1761 1762
1717 1716 1766
1713 1762 1763
1718 1717 1767
1714 1763 1764
1719 1718 1768
1715 1764 1765
1720 1719 1769
1716 1765 1766
1721 1720 1770
1717 1766 1767
1722 1721 1771
1718 1767 1768
1723 1722 1772
1719 1768 1769
1724 1723 1773
1720 1769 1770
1725 1724 1774
1721 1770 1771
1726 1725 1775
1722 1771 1772
1727 1726 1776
1723 1772 1773
1728 1727 1777
1724 1773 1774
1729 1728 1778
1725 1774 1775
1730 1729 1779
1726 1775 1776
1731 1730 1780
1727 1776 1777
1732 1731 1781
1728 1777 1778
1733 1732 1782
1729 1778 1779
1734 1733 1783
1730 1779 1780
1735 1734 1784
1731 1780 1781
1736 1735 1785
1732 1781 1782
1737 1736 1786
1733 1782 1783
1694 1743 1744
1738 1737 1787
1734 1783 1784
1739 1738 1788
1735 1784 1785
1695 1744 1745
1740 1739 1789
1736 1785 1786
1741 1740 1790
1737 1786 1787
1696 1745 1746
1742 1741 1791
1738 1787 1788
1743 1742 1792
1739 1788 1789
1697 1746 1747
1744 1743 1793
1740 1789 1790
1745 1744 1794
1741 1790 1791
1698 1747 1748
1746 1745 1795
1742 1791 1792
1747 1746 1796
1748 1747 1797
1793 1743 1792
1749 1748 1798
1799 1749 1798
1751 1750 1800
1751 1801 1752
1801 1751 1800
1752 1801 1802
1753 1752 1802
1754 1753 1803
1753 1802 1803
1755 1754 1804
1756 1755 1805
1754 1803 1804
1757 1756 1806
1758 1757 1807
1755 1804 1805
1759 1758 1808
1760 1759 1809
1756 1805 1806
1761 1760 1810
1757 1806 1807
1762 1761 1811
1758 1807 1808
1763 1762 1812
1759 1808 1809
1764 1763 1813
1760 1809 1810
1765 1764 1814
1761 1810 1811
1766 1765 1815
1762 1811 1812
1767 1766 1816
1763 1812 1813
1768 1767 1817
1764 1813 1814
1769 1768 1818
1765 1814 1815
1770 1769 1819
1766 1815 1816
1771 1770 1820
1767 1816 1817
1772 1771 1821
1768 1817 1818
1773 1772 1822
1769 1818 1819
1774 1773 1823
1770 1819 1820
1775 1774 1824
1771 1820 1821
1776 1775 1825
1772 1821 1822
1777 1776 1826
1773 1822 1823
1778 1777 1827
1774 1823 1824
1779 1778 1828
1775 1824 1825
1780 1779 1829
1776 1825 1826
1781 1780 1830
1777 1826 1827
1782 1781 1831
1778 1827 1828
1783 1782 1832
1779 1828 1829
1784 1783 1833
1780 1829 1830
1785 1784 1834
1781 1830 1831
1786 1785 1835
1782 1831 1832
1787 1786 1836
1783 1832 1833
1744 1793 1794
1788 1787 1837
1784 1833 1834
1789 1788 1838
1785 1834 1835
1745 1794 1795
1790 1789 1839
1786 1835 1836
1791 1790 1840
1787 1836 1837
1746 1795 1796
1792 1791 1841
1788 1837 1838
1793 1792 1842
1789 1838 1839
1747 1796 1797
1794 1793 1843
1790 1839 1840
1795 1794 1844
1791 1840 1841
1748 1797 1798
1796 1795 1845
1792 1841 1842
1797 1796 1846
1793 1842 1843
1798 1797 1847
1799 1798 1848
1849 1799 1848
1801 1800 1850
1801 1851 1802
1851 1801 1850
1802 1851 1852
1803 1802 1852
1804 1803 1853
1803 1852 1853
1805 1804 1854
1806 1805 1855
1804 1853 1854
1807 1806 1856
1808 1807 1857
1805 1854 1855
1809 1808 1858
1810 1809 1859
1806 1855 1856
1811 1810 1860
1807 1856 1857
1812 1811 1861
1808 1857 1858
1813 1812 1862
1809 1858 1859
1814 1813 1863
1810 1859 1860
1815 1814 1864
1811 1860 1861
1816 1815 1865
1812 1861 1862
1817 1816 1866
1813 1862 1863
1818 1817 1867
1814 1863 1864
1819 1818 1868
1815 1864 1865
1820 1819 1869
1816 1865 1866
1821 1820 1870
1817 1866 1867
1822 1821 1871
1818 1867 1868
1823 1822 1872
1819 1868 1869
1824 1823 1873
1820 1869 1870
1825 1824 1874
1821 1870 1871
1826 1825 1875
1822 1871 1872
1827 1826 1876
1823 1872 1873
1828 1827 1877
1824 1873 1874
1829 1828 1878
1825 1874 1875
1830 1829 1879
1826 1875 1876
1831 1830 1880
1827 1876 1877
1832 1831 1881
1828 1877 1878
1833 1832 1882
1829 1878 1879
1834 1833 1883
1830 1879 1880
1835 1834 1884
1831 1880 1881
1836 1835 1885
1832 1881 1882
1837 1836 1886
1833 1882 1883
1794 1843 1844
1838 1837 1887
1834 1883 1884
1839 1838 1888
1835 1884 1885
1795 1844 1845
1840 1839 1889
1836 1885 1886
1841 1840 1890
1837 1886 1887
1796 1845 1846
1842 1841 1891
1838 1887 1888
1843 1842 1892
1839 1888 1889
1797 1846 1847
1844 1843 1893
1840 1889 1890
1845 1844 1894
1841 1890 1891
1798 1847 1848
1846 1845 1895
1842 1891 1892
1847 1846 1896
1843 1892 1893
1848 1847 1897
1844 1893 1894
1849 1848 1898
1899 1849 1898
1851 1850 1900
1851 1901 1852
1901 1851 1900
1852 1901 1902
1853 1852 1902
1854 1853 1903
1853 1902 1903
1855 1854 1904
1856 1855 1905
1854 1903 1904
1857 1856 1906
1858 1857 1907
1855 1904 1905
1859 1858 1908
1860 1859 1909
1856 1905 1906
1861 1860 1910
1857 1906 1907
1862 1861 1911
1858 1907 1908
1863 1862 1912
1859 1908 1909
1864 1863 1913
1860 1909 1910
1865 1864 1914
1861 1910 1911
1866 1865 1915
1862 1911 1912
1867 1866 1916
1863 1912 1913
1868 1867 1917
1864 1913 1914
1869 1868 1918
1865 1914 1915
1870 1869 1919
1866 1915 1916
1871 1870 1920
1867 1916 1917
1872 1871 1921
1868 1917 1918
1873 1872 1922
1869 1918 1919
1874 1873 1923
1870 1919 1920
1875 1874 1924
1871 1920 1921
1876 1875 1925
1872 1921 1922
1877 1876 1926
1873 1922 1923
1878 1877 1927
1874 1923 1924
1879 1878 1928
1875 1924 1925
1880 1879 1929
1876 1925 1926
1881 1880 1930
1877 1926 1927
1882 1881 1931
1878 1927 1928
1883 1882 1932
1879 1928 1929
1884 1883 1933
1880 1929 1930
1885 1884 1934
1881 1930 1931
1886 1885 1935
1882 1931 1932
1887 1886 1936
1883 1932 1933
1888 1887 1937
1884 1933 1934
1889 1888 1938
1885 1934 1935
1845 1894 1895
1890 1889 1939
1886 1935 1936
1891 1890 1940
1887 1936 1937
1846 1895 1896
1892 1891 1941
1888 1937 1938
1893 1892 1942
1889 1938 1939
1847 1896 1897
1894 1893 1943
1890 1939 1940
1895 1894 1944
1891 1940 1941
1848 1897 1898
1896 1895 1945
1892 1941 1942
1897 1896 1946
1893 1942 1943
1898 1897 1947
1894 1943 1944
1899 1898 1948
1949 1899 1948
1901 1900 1950
1901 1951 1902
1951 1901 1950
1902 1951 1952
1903 1902 1952
1904 1903 1953
1903 1952 1953
1905 1904 1954
1906 1905 1955
1904 1953 1954
1907 1906 1956
1908 1907 1957
1905 1954 1955
1909 1908 1958
1910 1909 1959
1956 1906 1955
1911 1910 1960
1957 1907 1956
1912 1911 1961
1958 1908 1957
1913 1912 1962
1909 1958 1959
1914 1913 1963
1910 1959 1960
1915 1914 1964
1911 1960 1961
1916 1915 1965
1912 1961 1962
1917 1916 1966
1963 1913 1962
1918 1917 1967
1914 1963 1964
1919 1918 1968
1915 1964 1965
1920 1919 1969
1916 1965 1966
1921 1920 1970
1917 1966 1967
1922 1921 1971
1918 1967 1968
1923 1922 1972
1919 1968 1969
1924 1923 1973
1920 1969 1970
1925 1924 1974
1921 1970 1971
1926 1925 1975
1922 1971 1972
1927 1926 1976
1923 1972 1973
1928 1927 1977
1924 1973 1974
1929 1928 1978
1925 1974 1975
1930 1929 1979
1926 1975 1976
1931 1930 1980
1927 1976 1977
1932 1931 1981
1928 1977 1978
1933 1932 1982
1929 1978 1979
1934 1933 1983
1930 1979 1980
1935 1934 1984
1931 1980 1981
1936 1935 1985
1932 1981 1982
1937 1936 1986
1933 1982 1983
1938 1937 1987
1934 1983 1984
1939 1938 1988
1935 1984 1985
1895 1944 1945
1940 1939 1989
1936 1985 1986
1941 1940 1990
1937 1986 1987
1896 1945 1946
1942 1941 1991
1938 1987 1988
1943 1942 1992
1939 1988 1989
1897 1946 1947
1944 1943 1993
1940 1989 1990
1945 1944 1994
1941 1990 1991
1898 1947 1948
1946 1945 1995
1942 1991 1992
1947 1946 1996
1943 1992 1993
1948 1947 1997
1944 1993 1994
1949 1948 1998
1999 1949 1998
1951 1950 2000
1951 2001 1952
2001 1951 2000
1952 2001 2002
1953 1952 2002
1954 1953 2003
1953 2002 2003
1955 1954 2004
1956 1955 2005
1954 2003 2004
1957 1956 2006
1958 1957 2007
1955 2004 2005
1959 1958 2008
1960 1959 2009
2006 1956 2005
1961 1960 2010
2007 1957 2006
1962 1961 2011
2008 1958 2007
1963 1962 2012
2009 1959 2008
1964 1963 2013
2010 1960 2009
1965 1964 2014
2011 1961 2010
1966 1965 2015
2012 1962 2011
1967 1966 2016
2013 1963 2012
1968 1967 2017
2014 1964 2013
1969 1968 2018
2015 1965 2014
1970 1969 2019
2016 1966 2015
1971 1970 2020
1967 2016 2017
1972 1971 2021
1968 2017 2018
1973 1972 2022
1969 2018 2019
1974 1973 2023
1970 2019 2020
1975 1974 2024
1971 2020 2021
1976 1975 2025
1972 2021 2022
1977 1976 2026
1973 2022 2023
1978 1977 2027
1974 2023 2024
1979 1978 2028
1975 2024 2025
1980 1979 2029
1976 2025 2026
1981 1980 2030
1977 2026 2027
1982 1981 2031
1978 2027 2028
1983 1982 2032
1979 2028 2029
1984 1983 2033
1980 2029 2030
1985 1984 2034
1981 2030 2031
1986 1985 2035
1982 2031 2032
1987 1986 2036
1983 2032 2033
1988 1987 2037
1984 2033 2034
1989 1988 2038
1985 2034 2035
1945 1994 1995
1990 1989 2039
1986 2035 2036
1991 1990 2040
1987 2036 2037
1946 1995 1996
1992 1991 2041
1988 2037 2038
1993 1992 2042
1989 2038 2039
1947 1996 1997
1994 1993 2043
1990 2039 2040
1995 1994 2044
1991 2040 2041
1948 1997 1998
1996 1995 2045
1992 2041 2042
1997 1996 2046
1993 2042 2043
1998 1997 2047
1994 2043 2044
1999 1998 2048
2049 1999 2048
2001 2000 2050
2001 2051 2002
2051 2001 2050
2002 2051 2052
2003 2002 2052
2004 2003 2053
2003 2052 2053
2005 2004 2054
2006 2005 2055
2004 2053 2054
2007 2006 2056
2008 2007 2057
2005 2054 2055
2009 2008 2058
2010 2009 2059
2056 2006 2055
2011 2010 2060
2057 2007 2056
2012 2011 2061
2058 2008 2057
2013 2012 2062
2059 2009 2058
2014 2013 2063
2060 2010 2059
2015 2014 2064
2061 2011 2060
2016 2015 2065
2062 2012 2061
2017 2016 2066
2063 2013 2062
2018 2017 2067
2064 2014 2063
2019 2018 2068
2065 2015 2064
2020 2019 2069
2066 2016 2065
2021 2020 2070
2067 2017 2066
2022 2021 2071
2068 2018 2067
2023 2022 2072
2019 2068 2069
2024 2023 2073
2020 2069 2070
2025 2024 2074
2021 2070 2071
2026 2025 2075
2022 2071 2072
2027 2026 2076
2023 2072 2073
2028 2027 2077
2024 2073 2074
2029 2028 2078
2025 2074 2075
2030 2029 2079
2026 2075 2076
2031 2030 2080
2027 2076 2077
2032 2031 2081
2028 2077 2078
2033 2032 2082
2029 2078 2079
2034 2033 2083
2030 2079 2080
2035 2034 2084
2031 2080 2081
2036 2035 2085
2032 2081 2082
2037 2036 2086
2033 2082 2083
2038 2037 2087
2034 2083 2084
2039 2038 2088
2035 2084 2085
1995 2044 2045
2040 2039 2089
2036 2085 2086
2041 2040 2090
2037 2086 2087
1996 2045 2046
2042 2041 2091
2038 2087 2088
2043 2042 2092
2039 2088 2089
1997 2046 2047
2044 2043 2093
2040 2089 2090
2045 2044 2094
2041 2090 2091
1998 2047 2048
2046 2045 2095
2042 2091 2092
2047 2046 2096
2043 2092 2093
2048 2047 2097
2044 2093 2094
2049 2048 2098
2099 2049 2098
2051 2050 2100
2051 2101 2052
2101 2051 2100
2052 2101 2102
2053 2052 2102
2054 2053 2103
2053 2102 2103
2055 2054 2104
2056 2055 2105
2054 2103 2104
2057 2056 2106
2058 2057 2107
2055 2104 2105
2059 2058 2108
2060 2059 2109
2106 2056 2105
2061 2060 2110
2107 2057 2106
2062 2061 2111
2108 2058 2107
2063 2062 2112
2109 2059 2108
2064 2063 2113
2110 2060 2109
2065 2064 2114
2111 2061 2110
2066 2065 2115
2112 2062 2111
2067 2066 2116
2113 2063 2112
2068 2067 2117
2114 2064 2113
2069 2068 2118
2115 2065 2114
2070 2069 2119
2116 2066 2115
2071 2070 2120
2117 2067 2116
2072 2071 2121
2118 2068 2117
2073 2072 2122
2119 2069 2118
2074 2073 2123
2120 2070 2119
2075 2074 2124
2071 2120 2121
2076 2075 2125
2072 2121 2122
2077 2076 2126
2073 2122 2123
2078 2077 2127
2074 2123 2124
2079 2078 2128
2075 2124 2125
2080 2079 2129
2076 2125 2126
2081 2080 2130
2077 2126 2127
2082 2081 2131
2078 2127 2128
2083 2082 2132
2079 2128 2129
2084 2083 2133
2080 2129 2130
2085 2084 2134
2081 2130 2131
2086 2085 2135
2082 2131 2132
2087 2086 2136
2083 2132 2133
2088 2087 2137
2084 2133 2134
2089 2088 2138
2085 2134 2135
2045 2094 2095
2090 2089 2139
2086 2135 2136
2091 2090 2140
2087 2136 2137
2046 2095 2096
2092 2091 2141
2088 2137 2138
2093 2092 2142
2089 2138 2139
2047 2096 2097
2094 2093 2143
2090 2139 2140
2095 2094 2144
2091 2140 2141
2048 2097 2098
2096 2095 2145
2092 2141 2142
2097 2096 2146
2093 2142 2143
2098 2097 2147
2094 2143 2144
2099 2098 2148
2149 2099 2148
2101 2100 2150
2101 2151 2102
2151 2101 2150
2102 2151 2152
2103 2102 2152
2104 2103 2153
2103 2152 2153
2105 2104 2154
2106 2105 2155
2104 2153 2154
2107 2106 2156
2108 2107 2157
2105 2154 2155
2109 2108 2158
2110 2109 2159
2156 2106 2155
2111 2110 2160
2157 2107 2156
2112 2111 2161
2158 2108 2157
2113 2112 2162
2159 2109 2158
2114 2113 2163
2160 2110 2159
2115 2114 2164
2161 2111 2160
2116 2115 2165
2162 2112 2161
2117 2116 2166
2163 2113 2162
2118 2117 2167
2164 2114 2163
2119 2118 2168
2165 2115 2164
2120 2119 2169
2166 2116 2165
2121 2120 2170
2167 2117 2166
2122 2121 2171
2168 2118 2167
2123 2122 2172
2169 2119 2168
2124 2123 2173
2170 2120 2169
2125 2124 2174
2171 2121 2170
2126 2125 2175
2172 2122 2171
2127 2126 2176
2123 2172 2173
2128 2127 2177
2124 2173 2174
2129 2128 2178
2125 2174 2175
2130 2129 2179
2126 2175 2176
2131 2130 2180
2127 2176 2177
2132 2131 2181
2128 2177 2178
2133 2132 2182
2129 2178 2179
2134 2133 2183
2130 2179 2180
2135 2134 2184
2131 2180 2181
2136 2135 2185
2132 2181 2182
2137 2136 2186
2133 2182 2183
2138 2137 2187
2134 2183 2184
2139 2138 2188
2135 2184 2185
2095 2144 2145
2140 2139 2189
2136 2185 2186
2141 2140 2190
2137 2186 2187
2096 2145 2146
2142 2141 2191
2138 2187 2188
2143 2142 2192
2139 2188 2189
2097 2146 2147
2144 2143 2193
2140 2189 2190
2145 2144 2194
2141 2190 2191
2098 2147 2148
2146 2145 2195
2142 2191 2192
2147 2146 2196
2143 2192 2193
2148 2147 2197
2144 2193 2194
2149 2148 2198
2199 2149 2198
2151 2150 2200
2151 2201 2152
2201 2151 2200
2152 2201 2202
2153 2152 2202
2154 2153 2203
2153 2202 2203
2155 2154 2204
2156 2155 2205
2154 2203 2204
2157 2156 2206
2158 2157 2207
2155 2204 2205
2159 2158 2208
2160 2159 2209
2206 2156 2205
2161 2160 2210
2207 2157 2206
2162 2161 2211
2208 2158 2207
2163 2162 2212
2209 2159 2208
2164 2163 2213
2210 2160 2209
2165 2164 2214
2211 2161 2210
2166 2165 2215
2212 2162 2211
2167 2166 2216
2213 2163 2212
2168 2167 2217
2214 2164 2213
2169 2168 2218
2215 2165 2214
2170 2169 2219
2216 2166 2215
2171 2170 2220
2217 2167 2216
2172 2171 2221
2218 2168 2217
2173 2172 2222
2219 2169 2218
2174 2173 2223
2220 2170 2219
2175 2174 2224
2221 2171 2220
2176 2175 2225
2222 2172 2221
2177 2176 2226
2173 2222 2223
2178 2177 2227
2174 2223 2224
2179 2178 2228
2175 2224 2225
2180 2179 2229
2176 2225 2226
2181 2180 2230
2177 2226 2227
2182 2181 2231
2178 2227 2228
2183 2182 2232
2179 2228 2229
2184 2183 2233
2180 2229 2230
2185 2184 2234
2181 2230 2231
2186 2185 2235
2182 2231 2232
2187 2186 2236
2183 2232 2233
2188 2187 2237
2184 2233 2234
2189 2188 2238
2185 2234 2235
2145 2194 2195
2190 2189 2239
2186 2235 2236
2191 2190 2240
2187 2236 2237
2146 2195 2196
2192 2191 2241
2188 2237 2238
2193 2192 2242
2189 2238 2239
2147 2196 2197
2194 2193 2243
2190 2239 2240
2195 2194 2244
2191 2240 2241
2148 2197 2198
2196 2195 2245
2192 2241 2242
2197 2196 2246
2193 2242 2243
2198 2197 2247
2194 2243 2244
2199 2198 2248
2249 2199 2248
2201 2200 2250
2201 2251 2202
2251 2201 2250
2202 2251 2252
2203 2202 2252
2204 2203 2253
2203 2252 2253
2205 2204 2254
2206 2205 2255
2204 2253 2254
2207 2206 2256
2208 2207 2257
2205 2254 2255
2209 2208 2258
2210 2209 2259
2256 2206 2255
2211 2210 2260
2257 2207 2256
2212 2211 2261
2258 2208 2257
2213 2212 2262
2259 2209 2258
2214 2213 2263
2260 2210 2259
2215 2214 2264
2261 2211 2260
2216 2215 2265
2262 2212 2261
2217 2216 2266
2263 2213 2262
2218 2217 2267
2264 2214 2263
2219 2218 2268
2265 2215 2264
2220 2219 2269
2266 2216 2265
2221 2220 2270
2267 2217 2266
2222 2221 2271
2268 2218 2267
2223 2222 2272
2269 2219 2268
2224 2223 2273
2270 2220 2269
2225 2224 2274
2271 2221 2270
2226 2225 2275
2272 2222 2271
2227 2226 2276
2273 2223 2272
2228 2227 2277
2224 2273 2274
2229 2228 2278
2225 2274 2275
2230 2229 2279
2226 2275 2276
2231 2230 2280
2227 2276 2277
2232 2231 2281
2228 2277 2278
2233 2232 2282
2229 2278 2279
2234 2233 2283
2230 2279 2280
2235 2234 2284
2231 2280 2281
2236 2235 2285
2232 2281 2282
2237 2236 2286
2233 2282 2283
2238 2237 2287
2234 2283 2284
2239 2238 2288
2235 2284 2285
2195 2244 2245
2240 2239 2289
2236 2285 2286
2241 2240 2290
2237 2286 2287
2196 2245 2246
2242 2241 2291
2238 2287 2288
2243 2242 2292
2239 2288 2289
2197 2246 2247
2244 2243 2293
2240 2289 2290
2245 2244 2294
2241 2290 2291
2198 2247 2248
2246 2245 2295
2242 2291 2292
2247 2246 2296
2243 2292 2293
2248 2247 2297
2244 2293 2294
2249 2248 2298
2299 2249 2298
2251 2250 2300
2251 2301 2252
2301 2251 2300
2252 2301 2302
2253 2252 2302
2254 2253 2303
2253 2302 2303
2255 2254 2304
2256 2255 2305
2254 2303 2304
2257 2256 2306
2258 2257 2307
2255 2304 2305
2259 2258 2308
2260 2259 2309
2306 2256 2305
2261 2260 2310
2307 2257 2306
2262 2261 2311
2308 2258 2307
2263 2262 2312
2309 2259 2308
2264 2263 2313
2310 2260 2309
2265 2264 2314
2311 2261 2310
2266 2265 2315
2312 2262 2311
2267 2266 2316
2313 2263 2312
2268 2267 2317
2314 2264 2313
2269 2268 2318
2315 2265 2314
2270 2269 2319
2316 2266 2315
2271 2270 2320
2317 2267 2316
2272 2271 2321
2318 2268 2317
2273 2272 2322
2319 2269 2318
2274 2273 2323
2320 2270 2319
2275 2274 2324
2321 2271 2320
2276 2275 2325
2322 2272 2321
2277 2276 2326
2323 2273 2322
2278 2277 2327
2324 2274 2323
2279 2278 2328
2275 2324 2325
2280 2279 2329
2276 2325 2326
2281 2280 2330
2277 2326 2327
2282 2281 2331
2278 2327 2328
2283 2282 2332
2279 2328 2329
2284 2283 2333
2280 2329 2330
2285 2284 2334
2281 2330 2331
2286 2285 2335
2282 2331 2332
2287 2286 2336
2283 2332 2333
2288 2287 2337
2284 2333 2334
2289 2288 2338
2285 2334 2335
2245 2294 2295
2290 2289 2339
2286 2335 2336
2291 2290 2340
2287 2336 2337
2246 2295 2296
2292 2291 2341
2288 2337 2338
2293 2292 2342
2289 2338 2339
2247 2296 2297
2294 2293 2343
2290 2339 2340
2295 2294 2344
2291 2340 2341
2248 2297 2298
2296 2295 2345
2292 2341 2342
2297 2296 2346
2293 2342 2343
2298 2297 2347
2294 2343 2344
2299 2298 2348
2349 2299 2348
2301 2300 2350
2301 2351 2302
2351 2301 2350
2302 2351 2352
2303 2302 2352
2304 2303 2353
2303 2352 2353
2305 2304 2354
2306 2305 2355
2304 2353 2354
2307 2306 2356
2308 2307 2357
2305 2354 2355
2309 2308 2358
2310 2309 2359
2356 2306 2355
2311 2310 2360
2357 2307 2356
2312 2311 2361
2358 2308 2357
2313 2312 2362
2359 2309 2358
2314 2313 2363
2360 2310 2359
2315 2314 2364
2361 2311 2360
2316 2315 2365
2362 2312 2361
2317 2316 2366
2363 2313 2362
2318 2317 2367
2364 2314 2363
2319 2318 2368
2365 2315 2364
2320 2319 2369
2366 2316 2365
2321 2320 2370
2367 2317 2366
2322 2321 2371
2368 2318 2367
2323 2322 2372
2369 2319 2368
2324 2323 2373
2370 2320 2369
2325 2324 2374
2371 2321 2370
2326 2325 2375
2372 2322 2371
2327 2326 2376
2373 2323 2372
2328 2327 2377
2374 2324 2373
2329 2328 2378
2375 2325 2374
2330 2329 2379
2376 2326 2375
2331 2330 2380
2327 2376 2377
2332 2331 2381
2328 2377 2378
2333 2332 2382
2329 2378 2379
2334 2333 2383
2330 2379 2380
2335 2334 2384
2331 2380 2381
2336 2335 2385
2332 2381 2382
2337 2336 2386
2333 2382 2383
2338 2337 2387
2334 2383 2384
2339 2338 2388
2335 2384 2385
2295 2344 2345
2340 2339 2389
2336 2385 2386
2341 2340 2390
2337 2386 2387
2296 2345 2346
2342 2341 2391
2338 2387 2388
2343 2342 2392
2339 2388 2389
2297 2346 2347
2344 2343 2393
2340 2389 2390
2345 2344 2394
2341 2390 2391
2298 2347 2348
2346 2345 2395
2342 2391 2392
2347 2346 2396
2343 2392 2393
2348 2347 2397
2344 2393 2394
2349 2348 2398
2399 2349 2398
2351 2350 2400
2351 2401 2352
2401 2351 2400
2352 2401 2402
2353 2352 2402
2354 2353 2403
2353 2402 2403
2355 2354 2404
2356 2355 2405
2354 2403 2404
2357 2356 2406
2358 2357 2407
2355 2404 2405
2359 2358 2408
2360 2359 2409
2406 2356 2405
2361 2360 2410
2407 2357 2406
2362 2361 2411
2408 2358 2407
2363 2362 2412
2409 2359 2408
2364 2363 2413
2410 2360 2409
2365 2364 2414
2411 2361 2410
2366 2365 2415
2412 2362 2411
2367 2366 2416
2413 2363 2412
2368 2367 2417
2414 2364 2413
2369 2368 2418
2415 2365 2414
2370 2369 2419
2416 2366 2415
2371 2370 2420
2417 2367 2416
2372 2371 2421
2418 2368 2417
2373 2372 2422
2419 2369 2418
2374 2373 2423
2420 2370 2419
2375 2374 2424
2421 2371 2420
2376 2375 2425
2422 2372 2421
2377 2376 2426
2423 2373 2422
2378 2377 2427
2424 2374 2423
2379 2378 2428
2425 2375 2424
2380 2379 2429
2426 2376 2425
2381 2380 2430
2427 2377 2426
2382 2381 2431
2428 2378 2427
2383 2382 2432
2429 2379 2428
2384 2383 2433
2430 2380 2429
2385 2384 2434
2381 2430 2431
2386 2385 2435
2382 2431 2432
2387 2386 2436
2383 2432 2433
2388 2387 2437
2384 2433 2434
2389 2388 2438
2385 2434 2435
2345 2394 2395
2390 2389 2439
2386 2435 2436
2391 2390 2440
2387 2436 2437
2346 2395 2396
2392 2391 2441
2388 2437 2438
2393 2392 2442
2389 2438 2439
2347 2396 2397
2394 2393 2443
2390 2439 2440
2395 2394 2444
2391 2440 2441
2348 2397 2398
2396 2395 2445
2392 2441 2442
2397 2396 2446
2393 2442 2443
2398 2397 2447
2394 2443 2444
2399 2398 2448
2449 2399 2448
2401 2400 2450
2401 2451 2402
2451 2401 2450
2402 2451 2452
2403 2402 2452
2404 2403 2453
2403 2452 2453
2405 2404 2454
2406 2405 2455
2404 2453 2454
2407 2406 2456
2408 2407 2457
2405 2454 2455
2409 2408 2458
2410 2409 2459
2456 2406 2455
2411 2410 2460
2457 2407 2456
2412 2411 2461
2458 2408 2457
2413 2412 2462
2459 2409 2458
2414 2413 2463
2460 2410 2459
2415 2414 2464
2461 2411 2460
2416 2415 2465
2462 2412 2461
2417 2416 2466
2463 2413 2462
2418 2417 2467
2464 2414 2463
2419 2418 2468
2465 2415 2464
2420 2419 2469
2466 2416 2465
2421 2420 2470
2467 2417 2466
2422 2421 2471
2468 2418 2467
2423 2422 2472
2469 2419 2468
2424 2423 2473
2470 2420 2469
2425 2424 2474
2471 2421 2470
2426 2425 2475
2472 2422 2471
2427 2426 2476
2473 2423 2472
2428 2427 2477
2474 2424 2473
2429 2428 2478
2475 2425 2474
2430 2429 2479
2476 2426 2475
2431 2430 2480
2477 2427 2476
2432 2431 2481
2478 2428 2477
2433 2432 2482
2479 2429 2478
2434 2433 2483
2480 2430 2479
2435 2434 2484
2481 2431 2480
2436 2435 2485
2432 2481 2482
2437 2436 2486
2433 2482 2483
2438 2437 2487
2434 2483 2484
2439 2438 2488
2435 2484 2485
2395 2444 2445
2440 2439 2489
2436 2485 2486
2441 2440 2490
2437 2486 2487
2396 2445 2446
2442 2441 2491
2438 2487 2488
2443 2442 2492
2439 2488 2489
2397 2446 2447
2444 2443 2493
2440 2489 2490
2445 2444 2494
2441 2490 2491
2398 2447 2448
2446 2445 2495
2442 2491 2492
2447 2446 2496
2443 2492 2493
2448 2447 2497
2444 2493 2494
2449 2448 2498
2498 2499 2449
2445 2494 2495
2446 2495 2496
2447 2496 2497
2448 2497 2498
