0 32 27
32 0 13
101 1 105
1 101 0
101 64 65
58 46 47
46 58 57
1 0 44
27 46 45
46 27 28
105 1 2
2 1 44
54 4 55
4 54 5
105 4 106
4 105 3
2 3 105
3 2 44
53 62 52
62 53 54
106 4 5
4 3 55
5 104 106
104 5 6
104 7 8
7 104 6
6 5 53
53 5 54
100 104 8
7 6 52
10 31 11
31 10 49
8 7 51
17 24 35
24 17 23
100 8 9
9 8 50
25 27 36
27 25 26
100 9 10
10 9 49
34 37 33
37 34 36
12 100 11
100 12 99
10 11 100
35 16 17
16 35 34
99 12 22
12 11 42
36 34 35
71 67 70
67 71 68
25 35 24
35 25 36
13 0 101
70 67 66
13 14 32
14 13 77
80 84 81
84 80 83
17 18 23
18 17 85
14 15 33
15 14 81
89 19 18
19 89 20
25 42 31
42 25 43
15 16 34
16 15 81
85 17 16
38 23 18
23 38 24
38 18 19
24 38 25
89 18 85
19 39 38
39 19 20
79 75 78
75 79 76
39 20 40
71 75 72
75 71 74
21 40 20
40 21 41
21 20 93
79 83 80
83 79 82
74 71 70
22 12 41
21 22 41
22 21 93
91 94 95
94 91 90
42 11 31
26 31 30
31 26 25
14 33 32
30 48 29
48 30 49
51 7 52
27 26 28
44 0 27
29 46 28
46 29 47
28 26 29
47 59 58
59 47 48
29 26 30
30 31 49
27 32 37
32 33 37
33 15 34
36 27 37
25 38 43
39 42 43
42 39 40
12 42 41
38 39 43
42 40 41
44 27 45
3 44 55
44 45 56
52 62 61
45 46 57
47 29 48
61 60 51
60 61 59
59 48 49
49 9 50
49 50 60
50 8 51
50 51 60
52 6 53
51 52 61
58 62 63
62 58 61
45 57 63
45 63 56
54 55 63
55 44 56
55 56 63
54 63 62
57 58 63
59 61 58
59 49 60
64 68 65
68 64 67
13 101 69
69 101 65
102 67 64
67 102 66
72 76 73
76 72 75
68 72 69
72 68 71
65 68 69
13 69 73
78 75 74
76 80 77
80 76 79
77 13 73
69 72 73
82 79 78
77 80 81
81 14 77
73 76 77
87 91 88
91 87 90
83 87 84
87 83 86
85 16 81
86 83 82
89 92 93
92 89 88
85 88 89
88 85 84
81 84 85
90 87 86
84 87 88
89 93 20
95 92 91
92 95 96
88 91 92
92 96 93
22 93 97
93 96 97
95 94 103
95 103 98
22 97 99
96 95 98
97 96 98
99 97 98
103 100 98
99 98 100
