0 32 27
32 0 13
105 1 106
1 105 0
105 64 0
64 105 104
58 46 47
46 58 57
106 1 2
1 0 44
27 46 45
46 27 28
106 2 107
2 1 44
54 4 55
4 54 5
3 107 2
107 3 4
3 2 44
53 62 52
62 53 54
107 4 5
4 3 55
7 108 6
108 7 8
107 6 108
6 107 5
6 5 53
53 5 54
108 8 109
7 6 52
10 31 11
31 10 49
10 109 9
109 10 11
8 7 51
17 24 35
24 17 23
109 8 9
9 8 50
25 27 36
27 25 26
10 9 49
34 37 33
37 34 36
12 103 109
103 12 100
35 16 17
16 35 34
100 12 22
11 12 109
12 11 42
36 34 35
70 66 69
66 70 67
25 35 24
35 25 36
13 0 68
69 66 65
13 14 32
14 13 76
79 83 80
83 79 82
17 18 23
18 17 84
14 15 33
15 14 80
88 19 18
19 88 20
25 42 31
42 25 43
15 16 34
16 15 80
84 17 16
38 23 18
23 38 24
38 18 19
24 38 25
88 18 84
19 39 38
39 19 20
78 74 77
74 78 75
39 20 40
70 74 71
74 70 73
21 40 20
40 21 41
21 20 92
111 69 65
69 111 73
78 82 79
82 78 81
22 12 41
21 22 41
22 21 92
90 93 94
93 90 89
42 11 31
26 31 30
31 26 25
14 33 32
30 48 29
48 30 49
51 7 52
27 26 28
44 0 27
29 46 28
46 29 47
28 26 29
47 59 58
59 47 48
29 26 30
30 31 49
27 32 37
32 33 37
33 15 34
36 27 37
25 38 43
39 42 43
42 39 40
12 42 41
38 39 43
42 40 41
44 27 45
3 44 55
44 45 56
52 62 61
45 46 57
47 29 48
61 60 51
60 61 59
59 48 49
49 9 50
49 50 60
50 8 51
50 51 60
52 6 53
51 52 61
58 62 63
62 58 61
45 57 63
45 63 56
54 55 63
55 44 56
55 56 63
54 63 62
57 58 63
59 61 58
59 49 60
68 0 64
73 70 69
104 66 64
66 104 65
111 65 104
71 75 72
75 71 74
64 66 67
67 71 68
71 67 70
64 67 68
13 68 72
77 74 73
73 111 77
75 79 76
79 75 78
76 13 72
68 71 72
81 78 77
81 111 85
111 81 77
76 79 80
80 14 76
72 75 76
86 90 87
90 86 89
85 111 89
82 86 83
86 82 85
84 16 80
85 82 81
89 111 93
88 91 92
91 88 87
84 87 88
87 84 83
80 83 84
89 86 85
93 111 110
83 86 87
88 92 20
94 91 90
91 94 95
93 110 97
87 90 91
91 95 92
22 92 96
92 95 96
94 93 97
94 98 95
98 94 97
22 96 100
95 98 99
96 95 99
101 110 102
110 101 97
96 99 100
98 97 101
99 98 101
99 102 100
102 99 101
103 100 102
110 109 103
102 110 103
